ID,class,RTOE_X,RTOE_Y,RTOE_Z,V_RTOE_X,V_RTOE_Y,V_RTOE_Z,RHLX_X,RHLX_Y,RHLX_Z,V_RHLX_X,V_RHLX_Y,V_RHLX_Z,RHEE_X,RHEE_Y,RHEE_Z,V_RHEE_X,V_RHEE_Y,V_RHEE_Z,RPMT5_X,RPMT5_Y,RPMT5_Z,V_RPMT5_X,V_RPMT5_Y,V_RPMT5_Z,FS,FO
199,3,-825.00839004736,-461.891587513052,39.2951980316302,33.6252401073637,37.6069588055544,16.8412166521545,-763.835181302987,-421.698606692073,19.941926096436,17.9083422806514,18.3303884139434,3.91080761033624,-1010.50829335011,-432.505410868033,82.47936338525,70.8259990689044,257.406197579154,247.470459667512,-913.110069517096,-492.244196307051,36.1791254004201,42.8740523134536,120.823321684912,112.960571445079,0,0
200,3,-824.784221779978,-461.913733061122,39.4074728093112,39.5053010948573,42.9589763684,16.8761617681692,-763.715792354449,-421.685005346882,19.9679981471716,22.5877874443825,23.6000056028476,6.83755239993342,-1010.03612002299,-432.646607046051,84.1291664497,75.0660017287373,270.765595395511,260.152076744252,-912.824242501673,-492.330904339473,36.9321958767207,44.0868200785701,123.576504394298,115.444812502225,0,0
201,3,-824.520853106012,-461.956345443304,39.5199805544324,45.3118752133491,47.911899668968,15.5686895575425,-763.56520710482,-421.694664884528,20.0135818298378,26.6604139974106,28.2855881001195,9.44969944793446,-1009.53568001146,-432.79135229323,85.863513627995,81.6554401761891,286.726942364381,274.854013191111,-912.530330367816,-492.426160371892,37.7018279600688,45.2225130445868,125.939092317276,117.539692392109,0,0
202,3,-824.218773937923,-462.020975204759,39.6237718181493,50.7441640143156,52.3101156347241,12.7034647323651,-763.387471011504,-421.726274339607,20.0765798261574,29.7286347401439,31.8852303872333,11.5271936452052,-1008.99131041029,-432.943125943948,87.6958737159358,91.2938512602466,305.754266263197,291.806621001337,-912.228846947519,-492.532320925611,38.4854259093496,46.4640780454374,128.138195569565,119.417279382892,0,0
203,3,-823.880479511161,-462.107738504396,39.7084615830317,55.4918128457757,56.0854570361665,8.13862384221551,-763.189280113237,-421.776980436589,20.1534277837921,31.3720427628368,33.9020469175934,12.8508255800723,-1008.38268473522,-433.105935950236,89.641251189278,104.711485223095,328.378621041963,311.23628262109,-911.919086427216,-492.651714382532,39.2815411052355,48.0650568987642,130.505128831813,121.33152499135,0,0
204,3,-823.510534092189,-462.215176580402,39.7627190753132,59.2584927365465,59.2867822253861,1.83127967089405,-762.980133161484,-421.842353551958,20.2390999543259,31.173188488367,33.8589672643853,13.2159745641196,-1007.68460816707,-433.28450249112,91.7161597400853,122.642200465452,355.202890628327,333.358641969443,-911.598652714557,-492.786697331876,40.0904179385112,50.352251896453,133.483145736817,123.622008254002,0,0
205,3,-823.115477473945,-462.340211641772,39.7749276064525,61.7896160058137,62.0938076372615,-6.13875400609274,-762.772311904895,-421.916467547603,20.32720645142,28.7493295243564,31.3286275146055,12.4482510357426,-1006.8669934973,-433.484432649084,93.9385506865483,145.792816918117,386.891154078657,358.370227054921,-911.262971035248,-492.939737182995,40.9145646602045,53.7251590367873,137.632148199308,126.713122858006,0,0
206,3,-822.703546700573,-462.478218666854,39.7340025797452,62.9031398475831,64.7964147422386,-15.5489665496969,-762.580649708066,-421.992113024539,20.4101947916583,23.7892119325636,25.9713495700129,10.4203835877275,-1005.89504138451,-433.71236077181,96.3276855335811,174.810241737208,424.138240673881,386.438386532335,-910.904803308336,-493.113514946827,41.7593188125912,58.6519418208297,143.629154474014,131.107908745301,0,0
207,3,-822.284192434923,-462.623228172477,39.6303428027472,62.5220413116267,67.7203238522045,-26.0199272265449,-762.422054961849,-422.06115787351,20.4796640155765,16.0934241200437,17.5776935521893,7.0694420364747,-1004.72963977293,-433.976028996056,98.9039414437966,210.247988347652,467.620344814641,417.689562091668,-910.513790362863,-493.311040055693,42.6333715375599,65.6619242792715,152.261747077085,137.375948851717,0,0
208,3,-821.867378826179,-462.76826867955,39.4568766212369,60.7067070650885,71.0982296707018,-37.008836507264,-762.314765467715,-422.115061034766,20.526793629153,5.61635870579948,6.11287825365574,2.4132541167079,-1003.32798651728,-434.284284681249,101.688538524408,252.533943282174,517.933058560253,452.196042264784,-910.076044201002,-493.535767634653,43.5492111965713,75.3347950022942,164.41040618347,146.135041394513,0,0
209,3,-821.462667445745,-462.90584945479,39.2101510445218,57.6851985033329,74.9241739444992,-47.8126522470429,-762.277323076343,-422.145535282827,20.542881989931,-7.4926376541157,8.24263387220804,-3.43531572572289,-1001.6444268954,-434.646976213577,104.703178806173,301.941365743687,575.526582341234,489.961486888733,-909.57381223432,-493.79170789669,44.5234448058681,88.2869167506556,181.016629969232,158.026708679516,0,0
210,3,-821.078099455723,-463.028574440842,38.8914000295415,53.879155696751,78.8585754470647,-57.5822151618507,-762.327273994038,-422.145343005825,20.5199798850929,-22.8517091681454,25.0483635103836,-10.2576753040257,-999.631484457104,-435.074735607678,107.969588718765,358.565107634985,640.647926182678,530.905668559752,-908.985232789315,-494.083517386021,45.5769561970649,105.155311752219,203.038090089883,173.685999544123,0,0
211,3,-820.718905084411,-463.12986757042,38.5075185951292,49.9230214027534,82.2356441527607,-65.3482448367185,-762.479618721825,-422.109195977306,20.451595383066,-39.8155404033105,43.5822549807335,-17.7238734930606,-997.241050406204,-435.578645143224,111.508959842496,422.304899681404,713.297165382945,574.84903918196,-908.284197377634,-494.416562644634,46.7348628606923,126.580026258597,231.397271366243,193.706463877992,0,0
212,3,-820.386084941726,-463.204778544485,38.0718636295511,46.6743261938518,84.1831728112204,-70.0593595382781,-762.745055657847,-422.034716883872,20.3334362264456,-57.454071876964,62.8155664408811,-25.3934048927158,-994.425684408328,-436.169795318598,115.341286770376,492.857255428078,793.201043696168,621.497885348448,-907.44033053591,-494.796948458241,48.0262392865456,153.185658224612,266.931648592829,218.601599113039,0,0
213,3,-820.0749227671,-463.250827446631,37.6048012326292,45.2129999328633,83.8630607420339,-70.6314207282634,-763.128082803694,-421.923407947514,20.1641468604942,-74.5437857891943,81.4101329010261,-32.7235960612132,-991.139969372141,-436.858751913031,119.484606006032,569.71710545169,879.804108978461,670.430973278481,-906.419092814412,-495.231505012702,49.4835832806326,185.562852788729,310.350333716522,248.764461494936,0,0
214,3,-819.773502767548,-463.268837187735,37.1339250944408,46.828077211444,80.9304363998068,-66.006565738131,-763.625041375622,-421.781561589497,19.9459895534194,-89.5740762882497,97.730536188044,-39.0863474976802,-987.341855335796,-437.654960045701,123.954145827889,652.189709609519,972.275842673907,721.088688669229,-905.182007129154,-495.727730870898,51.1420130239321,224.250530992629,362.197854220865,284.427468701114,0,0
215,3,-819.461315586138,-463.263695703934,36.6938813228533,52.9907469269347,76.5323095805597,-55.2193367386842,-764.22220188421,-421.621041003638,19.6854139034349,-100.770588133713,109.875301508827,-43.7934977918097,-982.9939239384,-438.566121892324,128.76140375235,739.412740555088,1069.53171152345,772.765734915242,-903.687003589203,-496.293691442705,53.0381961486062,269.719523468837,422.823891765813,325.624664464674,0,0
216,3,-819.108043939959,-463.244986021532,36.325752411262,65.3134459907506,75.2966070037797,-37.4664222884299,-764.894005805101,-421.459855958676,19.3934572514895,-106.136545477898,115.72806419238,-46.1304515015154,-978.064505668032,-439.597591294061,133.913175318452,830.38773499527,1170.26616110314,824.608450958704,-901.888873432745,-496.937875342101,55.2090272450374,322.358144320316,492.358586028631,372.158842467132,0,0
217,3,-818.672620966687,-463.227422593272,36.0759762626725,85.4955842473885,86.358235044114,-12.1757888505073,-765.601582774954,-421.322462145747,19.0859209081461,-103.512028658594,113.029324207314,-45.3970048983923,-972.528587434731,-440.751832117589,139.41056499151,924.019427671618,1272.99580568486,875.61773541692,-899.739819137276,-497.669013502083,57.6900861948183,382.460078110762,570.694546789171,423.575913369028,0,0
218,3,-818.102650405038,-463.231037323826,35.9948043370024,115.257464077473,117.142339501384,20.9295169148131,-766.291662966011,-421.239721589233,18.7832742088234,-90.6499434071804,99.4716371480582,-40.9535634248101,-966.36845791692,-442.027987340971,145.248016560956,1019.16087868158,1376.11121175705,924.658407461069,-897.190085283204,-498.495867988807,60.5139256172784,450.214785487742,657.47764929884,479.148730829744,0,0
219,3,-817.334267311188,-463.281068746199,36.1343344497679,156.264958817923,168.033426984788,61.7777891307622,-766.895995922059,-421.248477219634,18.510250452658,-65.306137409857,72.8440773332696,-32.2702342591471,-959.574052059043,-443.421602145478,151.41240594403,1114.66183738434,1477.93568457313,970.475592693411,-894.188653379952,-499.426999016218,63.7082504894767,525.700482431211,752.108749352776,537.872265156505,0,0
220,3,-816.292500919068,-463.407522791965,36.5461863773063,210.048459938258,237.066578323005,109.909995156688,-767.331370171458,-421.390716242771,18.2951155575971,-25.3398463655458,31.6572867027588,-18.975668303151,-952.142973143147,-444.924536785328,157.882243228653,1209.41750651357,1576.78940179246,1011.71839587087,-890.683983497078,-500.470519666351,67.2940655905201,608.879634553205,853.757920143392,598.471533854307,0,0
221,3,-814.892177852813,-463.6443929623,37.2789196783509,277.920406042551,322.934783149687,164.460092645842,-767.500302480562,-421.712323359634,18.1686111022427,31.1804979642034,31.1935445828513,-0.902092205177141,-944.08018976639,-446.525094000114,164.627032534458,1302.41481297517,1671.05716154284,1046.97072169497,-886.62478593339,-501.633848279332,71.2838758162155,699.596846148921,961.391987564821,659.423086199079,0,0
222,3,-813.039375145863,-464.028550412796,38.3753202959898,360.896278272827,424.844276457306,224.157390168949,-767.292432494134,-422.261454492755,18.1625971542082,105.871979121645,108.108689103685,21.8772186665309,-935.397424346555,-448.208371856024,171.606837345758,1392.77347022401,1759.25796292234,1074.78864933801,-881.960806959063,-502.923468445532,75.6800297242093,797.579020496147,1073.81520500574,718.990125499602,0,0
223,3,-810.633399957377,-464.598339010983,39.8697028971161,459.624205920181,542.057152357072,287.352650507527,-766.58661929999,-423.086592220638,18.3084452786518,199.938877520486,205.860823225065,49.0216665847804,-926.112267878395,-449.956837063207,178.772095008012,1479.77951930687,1840.114615832,1093.74328507126,-876.643613489089,-504.344706093328,80.47329722754,902.437719626414,1189.72194664169,775.27058019531,0,0
224,3,-807.569238584576,-465.391934931202,41.785387233833,574.328211003854,673.650346508417,352.068026659654,-765.253693449853,-424.234373016145,18.635256389217,314.087904630566,324.094203898086,79.9114582842464,-916.247071083016,-451.751097161266,186.063716908487,1562.90962496969,1912.62154944165,1102.46754853179,-870.627362024913,-505.901532413471,85.6417677621754,1013.6737439727,1307.75934993365,826.256653903172,0,0
225,3,-803.74038384455,-466.445552703911,44.132507411564,704.769598085227,818.421506263711,416.069195603027,-763.159774085649,-425.747300919081,19.1679994444453,448.463201075799,462.640408478597,113.652561951285,-905.827673583218,-453.570833794106,193.413500565365,1641.84512170015,1976.10889154557,1099.70493660567,-863.869537065095,-507.596400383258,91.1501454548632,1130.68406080888,1426.59693187426,869.903650219841,0,0
226,3,-799.041919857316,-467.791597684886,46.9063020489175,850.230069705378,974.873608056159,476.956371435818,-760.170019411811,-427.66147991159,19.9256831907872,602.606411520259,620.777942230029,149.099853635161,-894.882039438551,-455.39584497454,200.744866809403,1716.47557990037,2030.30064077941,1084.35800156359,-856.331643326369,-509.430121519434,96.9495031229955,1252.77130466607,1544.99936905581,904.205235877411,0,0
227,3,-793.373719392613,-469.456876693935,50.086011191823,1009.5188646926,1141.24451974836,532.269401417575,-756.152643335009,-430.004505937472,20.9196822150216,775.445749370516,797.184778086696,184.898513234516,-883.438868905882,-457.20713308371,207.97392015316,1786.89241712848,2075.36425448217,1055.5341199559,-847.979834628595,-511.401788237194,102.977538028845,1379.1561208889,1661.89790456262,927.271826059812,0,0
228,3,-786.643593627996,-471.460982552381,53.6344738679401,1181.00466402416,1315.56427587276,579.601024417501,-750.983005005872,-432.793657868881,22.1523389699183,965.316144594323,989.96670850604,219.542307849388,-871.526252791692,-458.987968501064,215.0108142862,1853.37374093904,2111.948136295,1012.58614784006,-838.785460489336,-513.508745829167,109.159350202577,1508.99259757657,1776.45527203841,937.40848834015,0,1
229,3,-778.770229201168,-473.814963505742,57.4984806973901,1362.67130994606,1495.72939979001,616.71171421181,-744.54756404191,-436.034514344267,23.6159543555809,1170.01046365112,1196.724517,251.445987312956,-859.170427852098,-460.724857054766,221.761388605133,1916.36211931252,2141.20228266278,955.145770521082,-828.725509838826,-515.746616577435,115.408740124845,1641.3869140127,1888.11867643659,933.188691967787,0,0
230,3,-769.685753801528,-476.52037490033,61.6098921254689,1552.19468433631,1679.58609738609,641.639400637729,-736.747494284236,-439.720100842092,25.2922609376673,1386.85958000727,1414.65048158372,279.027759169427,-846.394680390015,-462.408343340445,228.129027075274,1976.43729273394,2164.77581431306,883.147753281003,-817.782930412074,-518.109376828562,121.629998071297,1775.41912256525,1996.6553416427,913.520384304572,0,0
231,3,-759.337789239286,-479.568788667304,65.8874881297204,1747.03654343006,1865.01517417761,652.797760284697,-727.501763750854,-443.8306401338,27.1524459987968,1612.83695927349,1640.64676307567,300.79684837466,-833.218431771788,-464.033591301293,234.016678763814,2034.28595188378,2184.78361839157,796.843852433115,-805.946802928306,-520.589485951697,127.72013396666,1910.16768950718,2102.16556819708,877.701244203374,0,0
232,3,-747.690878949752,-482.941807631818,70.2394731982851,1944.54984736205,2050.01217693178,649.057637419682,-716.749517355697,-448.333941695264,29.1577583212946,1844.68160584512,1871.4574519941,315.440592950395,-819.656525425896,-465.600697691772,239.328971113368,2090.67061208219,2203.73363499854,696.805802070963,-793.212351664925,-523.178063942815,133.571475594683,2044.73607694136,2205.06931487195,825.460513316227,0,0
233,3,-734.727213300672,-486.611598562005,74.5665241144163,2142.0892654221,2232.7569885487,629.807390299967,-704.451639983397,-453.186424623396,31.2606956076305,2079.03187153114,2103.80527589714,321.905445822765,-805.718721345349,-467.114712067359,243.974343127175,2146.39934505533,2224.40773666375,583.917486016303,-779.580777818649,-525.865112061159,139.074545683458,2178.28029293935,2306.06419608895,756.985496476274,0,0
234,3,-720.446618197858,-490.541922827953,78.7652400497494,2337.12015226946,2411.66809900165,594.989423097751,-690.591427506522,-458.334727243247,33.4067319131156,2312.56187396746,2334.52379770983,319.466651069648,-791.409392378313,-468.585357271921,247.867126367283,2202.29772055663,2249.69423804964,459.357066719173,-765.058909199053,-528.639768377345,144.121115659966,2310.03601572586,2406.0555539967,672.931597540007,0,0
235,3,-704.865817182728,-494.689609389234,82.7318362037344,2527.31940166279,2585.43809416479,545.111713997535,-675.174348346739,-463.717818009639,35.5365095869133,2542.11217165734,2560.67650579776,307.782186060596,-776.727407574602,-470.026465318281,250.929506812078,2259.18381539539,2282.3797802316,324.570407562936,-749.658669094214,-531.490587633582,148.607326310233,2439.34365522343,2506.06278918681,574.415559562938,0,0
236,3,-688.017021171643,-499.006384328587,86.3659142970513,2710.66217210443,2753.04852799527,481.234647774912,-658.226933869024,-469.269489320441,37.5883908273172,2764.80688285395,2779.65548378227,286.927707000004,-761.666182138633,-471.455163316869,253.093309529164,2317.84662092828,2324.92150484363,181.237538980615,-733.396378059391,-534.40583257888,152.436763373986,2565.66958974728,2607.10996346996,462.9923518487,0,0
237,3,-669.94594002428,-503.440946708571,89.5741452822174,2885.48948246045,2913.76418704763,404.934790221231,-639.794887983331,-474.921090774439,39.5012422073173,2978.15054505268,2989.25423332437,257.41057175282,-746.213871332444,-472.890861085763,254.301559789035,2379.02767732096,2379.23270434293,31.2341472720647,-716.291914127743,-537.37376219335,155.523379052977,2688.62183352063,2710.11202662145,340.616842147274,0,0
238,3,-650.709343474543,-507.941163990009,92.2737105503589,3050.55300283236,3067.10867340909,318.248317217454,-619.940551016313,-480.604342879266,41.2173126856694,3180.09957080218,3187.71152435191,220.162399763814,-730.353686816971,-474.354104960801,254.509787437515,2443.40533446714,2446.51990245847,-123.40990488177,-698.367768570939,-540.382901204288,157.794158000626,2807.95856313055,2815.76989240939,209.591972033779,0,0
239,3,-630.372323455661,-512.45625275067,94.3953659984753,3205.03490373492,3212.82502070232,223.597583823609,-598.739887210965,-486.254067164773,42.6850620174282,3369.10501425873,3373.72564196355,176.510934899411,-714.064317920524,-475.865370221088,253.687054738303,2511.58072742365,2527.20158177154,-280.553175962471,-679.648044816735,-543.422275237464,159.191437814184,2923.58825275081,2924.48719139462,72.5055929475133,0,0
240,3,-609.005424097428,-516.938812354984,95.8860165572993,3348.54225299934,3350.82647886072,123.704774815748,-576.279187115907,-491.810674259163,43.8618015834242,3544.1253602331,3546.44084404345,128.133099752679,-697.320446404366,-477.443867029777,251.816700231887,2584.06438904244,2620.91958608928,-437.984828537627,-660.157456465063,-546.481596987809,159.674808433834,3035.56061822563,3036.3186177128,-67.8415900978848,0,0
241,3,-586.681809077433,-521.346590195618,96.710715056071,3481.07704513641,3481.14341902585,21.4967358296917,-552.651684714353,-497.222267214223,44.7160222484421,3704.61002699864,3705.40999355168,76.9920007127411,-680.093350477416,-479.106431910296,248.896801374969,2661.26242070991,2726.63138834102,-593.465294691836,-639.920385676892,-549.55139099139,159.222531166515,3144.04811591198,3150.95490291355,-208.514376063759,0,0
242,3,-563.474628776523,-525.643876162115,96.8540266282689,3602.98440471394,3603.87233718707,-79.9950131594912,-527.954284534362,-502.446242082689,45.2293022531937,3850.45609704663,3850.5389603344,25.2612305627832,-662.351601006017,-480.866569006542,244.940366077024,2743.46130506789,2842.75474636325,-744.764805536582,-618.960064904146,-552.623047886887,157.83243532609,3249.31834247298,3267.74377055155,-346.525120658168,0,0
243,3,-539.454732745097,-529.80244958925,96.320726540539,3714.88273584563,3719.13210359291,-177.735373213914,-502.284577220718,-507.450299810629,45.3977104569456,3981.94234384531,3982.01932205612,-24.7598772207255,-644.061858972231,-482.733693528806,239.975267373447,2830.81075814441,2967.33129319936,-889.699643235883,-597.297942620992,-555.688803314587,155.522267855036,3351.6982921848,3385.74111582947,-478.916967316563,0,0
244,3,-514.688847839459,-533.802032234236,95.1358240524462,3817.58053060512,3827.03099801883,-268.784583154768,-475.738294928416,-512.212820878194,45.2326446088074,4099.64582606711,4100.25603194837,-70.7363297004864,-625.189787251268,-484.712614928506,234.043936418541,2923.30445379662,3098.18113987694,-1026.16638314751,-574.95328733976,-558.741641561883,152.329488072925,3451.53200527578,3503.7831504739,-602.845902450799,0,0
245,3,-489.238310968759,-537.630233745772,93.3439268314144,3911.98516245713,3927.64593269405,-350.392153627028,-448.407322754635,-516.722594499649,44.7610690774709,4204.34712443581,4205.79606547364,-110.389318332656,-605.701090892624,-486.803280679635,227.202827197557,3020.75896966501,3233.03127947625,-1152.17468348346,-551.943073971255,-561.775129396079,148.31051538992,3549.13364520771,3620.5687582846,-715.659487410846,0,0
246,3,-463.158409885711,-541.282009452661,91.0079791405676,3999.00926408712,4021.01296227854,-420.083501886721,-420.378341925063,-520.977935119608,44.0251402885865,4296.93068162719,4299.26273080129,-141.58653095506,-585.562697761524,-489.000784320291,219.521662641001,3122.79185059679,3369.6111609959,-1265.87931263386,-528.282183003204,-564.78319084548,143.539452140514,3644.73844218587,3734.74162017691,-814.970341505827,0,0
247,3,-436.49834812513,-544.758681982817,88.2074224613228,4079.48023202503,4107.12613061997,-475.737416374196,-391.732137380881,-524.98525791632,43.0812300822194,4378.28668097147,4381.29856480961,-162.42799398681,-564.744085424212,-491.295624822651,211.082467223442,3228.80020713717,3505.71634288327,-1365.61206026813,-503.983926721965,-567.75983859413,138.106316530475,3738.45421012266,3844.96323930259,-898.722666012401,0,0
248,3,-409.301813244963,-548.066606231294,85.0358396854948,4154.05804112871,4185.94028565662,-515.652854173099,-362.543559507738,-528.757219618437,41.998376788974,4449.22049612223,4452.51785402268,-171.324888082744,-543.218750709964,-493.674189490039,201.978386821654,3337.941707055,3639.24515875486,-1449.91395807593,-479.06089865448,-570.698881749568,132.114832090393,3830.21626881453,3949.97022733996,-965.250294473208,0,0
249,3,-381.608092970772,-551.215579767651,81.5981539910075,4223.16593184581,4257.37297045681,-538.603863403457,-332.88208953359,-532.310558925792,40.8562108684224,4510.37501026317,4513.4681601143,-167.069144844693,-520.965805996264,-496.119420319286,192.312293767815,3449.12012518318,3768.21467668993,-1517.56786064998,-453.52612352905,-573.593632672749,125.679830127238,3919.74857453673,4048.61164975074,-1013.3249246489,0,0
250,3,-353.453653425133,-554.217116468232,78.0074615683178,4286.93770269219,4321.30097225018,-543.881628671728,-302.812922798502,-535.663790280767,39.7424165694578,4562.17010180701,4564.59908990994,-148.891953391936,-497.971671828376,-498.611614787086,182.195174696815,3560.97774863003,3890.76204758951,-1567.63094659574,-427.394466365472,-576.436637039498,118.924330629579,4006.53368063152,4139.86462131058,-1042.19333558809,0,0
251,3,-324.874068740519,-557.082708938725,74.3815840438396,4345.18435477121,4377.54851141414,-531.322776507564,-272.398455453122,-538.83491419068,38.7498035468449,4604.76239464136,4606.23611984088,-116.509573098326,-474.231820170843,-501.129306743706,171.74430171951,3671.89686189189,4005.13651821394,-1599.46615005111,-400.684241827928,-579.219451141218,111.976375058991,4089.79382198893,4222.82860027823,-1051.60252992705,0,0
252,3,-295.906173042044,-559.822204590403,70.8394322004558,4397.38175075156,4425.86615112228,-501.323175014935,-241.700039488847,-541.839305842734,37.9730730595227,4638.02705028362,4638.55760474848,-70.1550668689883,-449.75250775823,-503.650171689688,161.081194052503,3780.01224799622,4109.68646730906,-1612.77098950279,-373.418949681336,-581.932488547596,104.965691526144,4168.48495688922,4296.70092442932,-1041.81188233774,0,0
253,3,-266.5902947037,-562.442411012424,67.4972777003562,4442.67982230256,4465.90195711652,-454.836549853797,-210.779859153622,-544.687931142735,37.5053726137294,4661.56201340987,4661.57405322404,-10.5947546355161,-424.552426104922,-506.15190307616,150.329387455817,3883.23614514916,4202.84504694347,-1607.60179448281,-345.629049968741,-584.564954687338,98.0202789772262,4241.30502539676,4360.738025253,-1013.5915382597,0,0
254,3,-236.972429221683,-564.946029065345,64.4650340346643,4479.93273900753,4497.16881516243,-393.357351574785,-179.702779064223,-547.386016059893,37.4347409161593,4674.71378548225,4675.11008770058,60.8716349538884,-398.664185137261,-508.61301206778,139.612042159265,3979.29642056034,4283.11742456007,-1584.39100915328,-317.353683132762,-587.104882822713,91.2630020554949,4306.71701928594,4414.20834715244,-968.206510958829,0,0
255,3,-207.106210961633,-567.33098798979,61.8426516908324,4507.74838549958,4519.01369016762,-318.887480074586,-148.538020494342,-549.932262573084,37.8405518158519,4676.62256286025,4678.79090278781,142.427934606852,-372.135542333525,-511.013511882402,129.049435431577,4065.78790917047,4349.07217402585,-1543.95513293914,-288.642236337523,-589.539278589757,84.808291982436,4362.98673280855,4456.34412048231,-907.38618542154,0,0
256,3,-177.054555058302,-569.590227378825,59.7167351570018,4524.55452488745,4530.59561760396,-233.886728081641,-117.36053674194,-552.318664654973,38.7900713798976,4666.28349761061,4672.03616035898,231.77619297231,-345.030289605722,-513.335458637043,118.756401211982,4140.23597439746,4399.3389675007,-1487.49098393075,-259.555658118799,-591.854373145893,78.7590507462924,4408.2343089793,4486.29959520869,-833.279265977167,0,0
257,3,-146.890858225719,-571.711938137056,58.1574903031242,4528.67819418535,4530.87912554184,-141.207166181094,-86.2519800912025,-554.530933338519,40.335245999713,4642.61997367433,4654.06485108017,326.189236640426,-317.428716443073,-515.56333271982,108.839794652444,4200.17044974678,4432.6142846046,-1416.55836065961,-230.16742939227,-594.035977491002,73.2038556397779,4440.49794828128,4503.12297357677,-748.394606116689,0,0
258,3,-116.699670264484,-573.68024088402,57.2161091952502,4518.43421609259,4518.64856298991,-44.0121648468391,-55.301180266707,-556.549494232302,42.5098409106492,4604.5641797498,4623.91456665747,422.580920430812,-289.427580111427,-517.684257135889,99.3960722480467,4243.20728662801,4447.67631296274,-1333.04782644765,-200.564109737062,-596.069923238004,68.2145582656667,4457.80744378054,4505.74802393375,-655.528831827988,0,0
259,3,-86.5767754905332,-575.476248137298,56.922694762938,4492.21825132039,4492.54664255117,54.3186708402427,-24.6040857350417,-558.350977406331,45.3270470468546,4551.13993266682,4580.47786863543,517.593294338704,-261.139531533907,-519.688061101086,90.5090867383957,4267.1345341574,4443.40953070652,-1239.13321518505,-170.845393445192,-597.942568545993,63.8443660534801,4458.2645872081,4493.00930004789,-557.682204093857,0,0
260,3,-56.628653815064,-577.079428466825,57.2848192352062,4448.59958131226,4451.13775744412,150.296709521556,5.73684714940384,-559.910081862952,48.7776690091126,4481.54267695733,4522.55714756263,607.699257511457,-232.691967972858,-521.567207504233,82.248198637162,4269.9987704685,4418.8386421437,-1137.20949938869,-141.123629530471,-599.641342599864,60.1264846928544,4440.1269918968,4463.68227036524,-457.964743842262,0,0
261,3,-26.9713232729822,-578.469168830531,58.2867972986833,4386.40881942529,4392.99376211365,240.440975787171,35.6137983291194,-561.201668010816,52.8289973925223,4395.21185828628,4448.93777300647,689.318524967521,-204.225309503068,-523.316610984621,74.6668019745708,4250.18783588408,4373.17062553488,-1029.81778958422,-111.522782917826,-601.155298352738,57.0733864005726,4401.89153425221,4416.54683034958,-359.49523689427,0,0
262,3,2.27140218985304,-579.62641722219,59.8897371372644,4304.81600559607,4316.79735222136,321.400899359655,64.9152107176946,-562.202914202788,57.4244542256391,4291.89142405242,4358.47770324209,758.943933241271,-175.890723930507,-524.933378724217,67.8013500440093,4206.50571021331,4305.84271998396,-919.560351027432,-82.1768393561443,-602.475641549834,54.6767514879442,4342.37345340604,4350.47001394055,-265.296312357364,0,0
263,3,30.9701755604935,-580.535282712051,62.0324097996621,4203.39503793345,4221.45627139099,390.081025356015,93.5278202113774,-562.895369095906,62.4840804472476,4171.67500964118,4250.21028566293,813.274299538711,-147.847352529085,-526.416508321444,61.6709477038264,4138.23563153261,4216.57331874515,-809.009524212991,-53.227683000104,-603.596204484222,52.9081094055617,4260.77718804778,4264.50157392581,-178.189303347094,0,0
264,3,58.9928091467165,-581.184474335015,64.6329499687022,4082.17111181098,4106.22047206591,443.762976271225,121.338986942319,-563.266740849111,67.905909110839,4035.03337184554,4123.45589350418,849.349276662553,-120.259114985535,-527.766576245362,56.2775508757398,4045.18805270305,4105.41204545623,-700.615216253268,-24.8225017464521,-604.513835490566,51.7201807165811,4156.75527849416,4157.97469050888,-100.693006824208,0,0
265,3,86.2072832254564,-581.568473688539,67.5913698105104,3941.64873424357,3970.79406647711,480.219506273868,148.239209421289,-563.312286300308,73.5682376219227,3882.82276493658,3977.93738064672,864.680970321864,-93.291194634181,-528.985446581805,51.6067827673847,3927.73073649883,3972.78485572536,-596.616100556454,2.88920011017563,-605.228679690698,51.0488940044197,4030.4521165061,4030.60348062412,-34.9307109969125,0,0
266,3,112.484941453747,-581.688357384876,70.7928331856695,3782.81890590066,3815.43429977068,497.815247885302,174.124694520866,-563.035696398906,79.3327774240685,3716.2741419153,3813.8940830164,857.376567558934,-67.1063230575221,-530.076023537391,47.6293420970083,3786.79914853361,3819.52989625327,-498.959754927871,29.758880886883,-605.744332641289,50.8160225977736,3882.52996739268,3882.56918205114,17.4500920057923,0,0
267,3,137.703734159751,-581.552212831267,74.1116015049049,3607.14515227822,3641.03067548523,495.588771281373,198.899855466968,-562.44941544115,85.0486212077947,3536.96422094299,3632.18917899283,826.245926925982,-41.8609954006314,-531.042063127289,44.3029437308225,3623.88625902694,3646.92010499849,-409.236647769909,55.6424140028342,-606.067855852113,50.9323565444789,3714.17548770959,3714.58775490818,55.3410824886189,0,0
268,3,161.751368508273,-581.175121855824,77.4155266467807,3416.5291722056,3449.15856296253,473.310899859545,222.479616939921,-561.574377441004,90.5569273873012,3346.77050444703,3434.40551094858,770.888062041023,-17.7017536737852,-531.88805044872,41.5746994123565,3441.01184764186,3456.66915195796,-328.632150718915,80.4035839208981,-606.209651112667,51.3012970944031,3527.08587519501,3527.95301617755,78.2158126987692,0,0
269,3,184.52822965631,-580.57871884145,80.5709326458443,3213.25789070754,3242.1029232986,431.514881628759,244.791420302902,-560.439189241952,95.6961811342414,3147.81320503094,3222.92523809572,691.750761898533,5.2383253104939,-532.619139824832,39.3838184075637,3240.67236126818,3250.91826805125,-257.899655800175,103.917489755532,-606.18319861716,51.8227358457282,3323.43476474599,3324.55113273361,86.1487007335747,0,0
270,3,205.949948927694,-579.790360626544,83.4476985233694,2999.93459641168,3022.84900861324,371.495014941412,265.776841669774,-559.078832693089,100.307852880232,2942.38766305528,3000.98849472,590.15827177284,26.8428077189484,-533.241146790618,37.6644873688959,3025.7732513725,3032.20272261232,-197.35648531591,126.073721520505,-606.004671457092,52.3970605172853,3105.81896941821,3106.84419216651,79.8082928072159,0,0
271,3,225.949512903772,-578.841972044286,85.9243319563121,2779.39756504006,2795.03777705293,295.271655602689,285.392759423476,-557.532993712,104.242241358717,2732.89120128936,2772.72466033229,468.303025753647,47.0146293947651,-533.760574213075,36.3487774667898,2799.54647438468,2803.39809328702,-146.902713404583,146.779181316626,-605.692445659434,52.9291158026668,2877.18810172606,2877.82251582049,60.4240006067801,0,0
272,3,244.478830004039,-577.768651601876,87.8928096603301,2554.63008817331,2562.88396950252,205.522149007373,303.612034098739,-555.844151404332,107.364261530408,2521.74844143724,2543.14511912406,329.198868517781,65.6782725573297,-534.184650474206,35.3694260440926,2565.45644632314,2567.64791175304,-106.061400843072,165.960435328133,-605.266530186602,53.3319424733787,2640.7599440435,2640.92725610338,29.7269232367174,0,0
273,3,261.509697258527,-576.607135051717,89.2629573203792,2328.66612353722,2331.0537848761,105.479064630594,320.423690374987,-554.055573679137,109.55892065386,2311.33891824722,2318.07536258361,176.59499317066,82.7813155328173,-534.521356059891,34.6623500384721,2327.09818412253,2328.27564270728,-74.0372195428662,183.565501621757,-604.747944906295,53.5301219616234,2399.92512073726,2399.94651311384,-10.1331466750267,0,0
274,3,277.034138082109,-575.394219791076,89.9661510845832,2104.49585663626,2104.49619929629,-1.20093851924779,335.832616496635,-552.209366239878,110.736220608331,2103.93040309104,2103.98282301951,14.85188574975,98.2953034269675,-534.779416269872,34.168768574853,2088.09163420499,2088.68514427698,-49.7891462719483,199.565002426672,-604.158076346285,53.4625676504566,2158.14512218913,2158.88958332026,-56.6909564216839,0,0
275,3,291.064110459684,-574.165250193856,89.9581448277882,1884.97532258841,1888.21678650663,-110.592341860208,349.858819183909,-550.344709916146,110.835233179996,1901.62074061438,1907.62367385968,-151.217194575011,112.215914321667,-534.968241953824,33.83684093304,1851.97628540823,1852.25466373652,-32.1119544599519,213.952636574599,-603.518041069216,53.0846279409787,1918.84801803759,1921.84485468519,-107.284337874428,0,0
276,3,303.630612610273,-572.952753866387,89.2208625487201,1672.74389966802,1686.97659863927,-218.673021838418,362.536290788005,-548.496398647078,109.827118549496,1706.29026990621,1735.40193339906,-316.533387288921,124.562422891056,-535.097806720694,33.6227612366403,1622.1100957179,1622.22996806306,-19.720716314156,226.74495669485,-602.848084855217,52.3693990218158,1685.32626320105,1692.8270818272,-159.182020129096,0,0
277,3,314.78223860806,-571.785302744793,87.7630424031307,1470.15297732428,1504.89707807385,-321.504959308206,373.911559254046,-546.693759599327,107.71689596757,1519.56610982268,1592.3627570207,-475.960069569842,135.376490195842,-535.178457210881,33.4912897945459,1401.57654052451,1401.62235439452,-11.3324926543164,237.98046511619,-602.16704278394,51.3081855542885,1460.64084788982,1475.61905760125,-209.713892319299,0,0
278,3,324.583258456889,-570.686652646329,85.6196760077426,1279.20845130733,1344.96946826581,-415.413780068869,384.041999986197,-544.960001126416,104.543828837104,1342.79879825905,1480.92393615289,-624.5214904746,144.720333799338,-535.220661801406,33.4157398435172,1193.10322549746,1193.11703215405,-5.73983655193402,247.718070768789,-601.491881049717,49.9100929388265,1247.53568565979,1273.61080263862,-256.39654756484,0,0
279,3,333.111314798937,-569.675192305374,82.8502508072835,1101.52894092499,1208.52435457111,-497.157025391554,392.993991974591,-543.311997090123,100.38035223394,1177.05104145891,1399.79948329153,-757.620907330136,152.674355302655,-535.234711474728,33.3774742665043,998.99501109613,998.996764343284,-1.87162319735599,256.034975339854,-600.837336250491,48.2007826217276,1048.36559482805,1089.63635178715,-297.047064817772,0,0
280,3,340.454841071771,-568.763710043379,79.5358706380065,938.320795807982,1094.81609894351,-564.071249630904,400.84099891765,-541.760480946748,95.3295461850727,1023.09769544092,1343.80011486103,-871.246150226212,159.334322043296,-535.230393500409,33.3649967785219,821.083980685859,821.084802984964,1.16204729755296,263.024079305375,-600.215662301405,46.2204688562758,865.040538935577,925.805070169287,-329.878604867315,0,0
281,3,346.710313043824,-567.959464853692,75.7753956404671,790.370102763777,1000.9560376561,-614.188969273605,407.66165022059,-540.310593018366,89.521238516898,881.435598761874,1304.86105963001,-962.150544444088,164.808215247868,-535.216663204768,33.3727437605056,660.697865578633,660.710233582768,4.04267001296041,268.791016231612,-599.636489367129,44.0212781571604,698.987987840076,783.32477908226,-353.572485325927,1,0
282,3,351.979447062249,-567.264530323663,71.6808025119764,658.051061376506,922.365618337338,-646.318137229704,413.537887545669,-538.962701881934,83.1069015539374,752.301523141557,1273.8671361926,-1027.99800532415,169.212867685059,-535.201340873266,33.3996948939253,518.647738952841,518.698187678921,7.23413992836193,273.450936150546,-599.106793588141,41.6641282549875,551.134383329989,662.325610395422,-367.322890243912,0,0
283,3,356.366454138093,-566.67636554475,67.3720149304451,541.3493159772,853.676469754745,-660.079111246478,418.553231033279,-537.713407265784,76.2535815184431,635.696312796523,1242.41171312411,-1067.4629093345,172.670519278078,-535.190859544976,33.4479224934477,395.23493534476,395.387710685651,10.9903432277335,277.125165372745,-598.630971167358,39.2153089866948,421.905786038815,561.725747119503,-370.852157448131,0,0
284,3,359.975449577941,-566.188557584057,62.9714875221352,439.898156984137,789.753822963354,-655.896876320655,422.791206451923,-536.556627684859,69.1371621228797,531.41323979749,1203.91051597949,-1080.27797304858,175.305418847043,-535.190085311571,33.5211914482993,290.276281442098,290.683288932243,15.377089991723,279.937870613004,-598.211005818311,36.7429612703739,311.24689009045,479.22798385751,-364.396533903874,0,0
285,3,362.908103957835,-565.7916753515,58.5988416799975,353.024977645546,726.489719848937,-634.949350897021,426.333961383906,-535.48468072857,61.9353089692225,439.068695559305,1154.01650468654,-1067.22667398673,177.240594056657,-535.202225280024,33.6237053815775,203.145884335399,204.158134816542,20.3050163594636,282.012849880274,-597.846714846535,34.3136510443481,218.6567647103,411.555018172348,-348.664239963416,0,0
286,3,365.261603808805,-565.474174526568,54.3658460073507,279.805025257022,661.197801318745,-599.075688297948,429.261086020968,-534.489276045102,54.8204644759777,358.133542500636,1090.56196643336,-1030.08046693787,178.594899952226,-535.228830429972,33.7590721573072,132.830968170428,135.269611068016,25.569543863724,283.470561645009,-597.536056387964,31.9892227779253,143.238962029426,354.954381619679,-324.769476379387,0,0
287,3,367.126970643852,-565.223297011586,50.3720080853644,219.119337875634,592.646713514319,-550.651289663674,431.648642970972,-533.562358631066,47.9532613630585,287.963733135624,1013.26499323891,-971.484860881551,179.480439740029,-535.269892173692,33.9295357830654,77.9986326086473,83.8940790350754,30.8938474186164,284.425488058539,-597.275478656058,29.8240929353961,83.7630559987957,305.841459351732,-294.147494818738,0,0
288,3,368.587766229689,-565.025915338047,46.7009994876066,169.713810453015,520.863181409816,-492.43850000774,433.568401191876,-532.696760699104,41.4766956238482,227.829131545729,923.350788908025,-894.801970380146,180.000430624087,-535.324023490767,34.1354947658561,37.0699731503123,51.6536291107701,35.9710229344138,284.983908431864,-597.060291488069,27.8631096366045,38.7342783673716,261.343299929323,-258.45691342525,0,0
289,3,369.71919163271,-564.869281643422,43.4180761542216,130.256572140456,446.830591437901,-427.42344678195,435.087262068848,-531.886641809154,35.5113491546472,176.939810282573,823.161729090626,-803.920105344204,180.247563778422,-535.388708904965,34.3753015854189,8.29778690201834,41.3434520169459,40.5021944739566,285.242136954313,-596.885041001509,26.1400635471028,6.46771208367056,219.571293396402,-219.47601596569,0,0
290,3,370.587568780313,-564.741651326942,40.5685865090086,99.3912468622227,372.1672900506,-358.650068772864,436.266860804065,-531.127717028896,30.1518817856858,134.469414168078,715.787358289044,-703.043042024954,180.302882357769,-535.460602897978,34.6453162152453,-10.1558982933057,45.3791170908574,44.2280679863114,285.285255034871,-596.743869680947,24.6768901073315,-14.8365049586943,179.613612504365,-178.999798652062,0,0
291,3,371.250177092727,-564.632762429939,38.1775860505229,75.7841678293033,298.831231988029,-289.062043717094,437.163323565186,-530.417290020634,25.4649281721861,99.575457261767,604.727123848882,-596.472650361818,180.235176369147,-535.535853913417,34.9401700018207,-20.145994905738,51.0918943163542,46.9523221373713,285.186345001813,-596.630846559952,23.4835581163178,-27.0203307568721,141.350659046097,-138.744046858073,0,0
292,3,371.755404878256,-564.534162442061,36.2505057590756,58.1641738491697,228.876088489081,-221.362130371266,437.827159946931,-529.754121086566,21.4884438364407,71.416634130199,493.592349446918,-488.39847645344,180.100869736442,-535.610430892862,35.2531854827365,-23.4773134657658,53.9340502924933,48.5561276605061,285.006209463434,-596.540255143338,22.5585978039306,-31.9003384132714,105.214358073796,-100.26180506055,0,0
293,3,372.143166037251,-564.439384025128,34.7747582232671,45.3541829783461,164.281236135751,-157.896556747312,438.303270841132,-529.138168857481,18.2324539934178,49.1673734876457,385.852153112551,-382.70674601569,179.944354313337,-535.680431044786,35.5768930004732,-21.8467990710877,53.6532082708867,49.0039195177964,284.793540540679,-596.466830099991,21.8901857701936,-31.208127817996,71.9922809323921,-64.8763537195494,0,0
294,3,372.445527257106,-564.343979624846,33.7221145116184,36.2942761057013,106.918406401743,-100.56973277011,438.63105333105,-528.570248485275,15.6810756866465,32.0299415765106,284.627172261143,-282.81921793255,179.798708986196,-535.742350838476,35.9035857972585,-16.7968380742039,51.1762623228332,48.3412459091035,284.585486355225,-596.405937304607,21.4576767453966,-26.5405629736705,42.8439497702604,-33.6333547086404,0,0
295,3,372.687489097811,-564.245431784419,33.0516496264843,30.0564981058699,59.0188070013029,-50.7919924935898,438.844586274893,-528.051649279349,13.7956142337628,19.2444219080102,192.533793836016,-191.569606133948,179.686730065702,-535.793306510292,36.2258607699859,-9.6806754333727,47.679157948023,46.6860431583811,284.408549268734,-596.353695285579,21.2334543806724,-19.3211174367178,20.6447712869407,-7.27330753417235,0,0
296,3,372.88786575185,-564.142960979824,32.7130363431937,25.851976232704,27.5286431134813,-9.46052411513918,438.972882420946,-527.583751357711,12.5184835262032,10.0968701801008,111.579951962903,-111.122180020957,179.622192229479,-535.831195134833,36.5371010577084,-1.6402371326464,44.2454307143978,44.2150173725089,284.279741819156,-596.307039342299,21.1849656637779,-10.7729423760361,17.4881234427856,13.7759999315008,0,0
297,3,373.060212260068,-564.037255883101,32.6499661824261,23.0312528697709,32.5692761729999,23.0286591377311,439.040194888814,-527.167674877503,11.7776689927301,3.92588430389651,43.1130584243345,-42.9339404100357,179.611257315262,-535.854792074836,36.8318678401918,6.40403935790772,41.6423295300599,41.1469547912414,284.207922203316,-596.263732368364,21.2768056633212,-1.90362723029125,29.450239153357,29.3886506930484,0,0
298,3,373.213753945867,-563.930152172432,32.8034905766777,21.0789293137793,51.2748725759471,46.7417511082363,439.06636745084,-526.803987658117,11.4914427233299,0.127756007006496,12.2419413617036,12.2412747173676,179.653950910981,-535.863785009519,37.1061808721334,13.7523596269901,40.1532600094633,37.7247517430863,284.195231355114,-596.22232864972,21.4727300012749,6.49896186839101,40.242252842004,39.7140077105419,0,0
299,3,373.354280141292,-563.824285510937,33.1151022507326,19.603822671607,65.1652617282308,62.1466127216038,439.067219157553,-526.492488406582,11.5730512214457,-1.83970261158777,54.3421886379449,54.3110390276499,179.745633308494,-535.858748499513,37.3576792170873,19.9151761131745,39.5740138840624,34.1977826076079,284.23855776757,-596.182098544695,21.7374900526785,13.8608763044857,47.2180031114627,45.1377439168802,0,0
300,3,373.484972292436,-563.722742373394,33.5294130022099,18.3258586424614,72.3947848204598,70.0369029456414,439.054954473476,-526.232074124755,11.9351248149633,-2.4546250296396,83.8072420893044,83.7712876979884,179.878401149249,-535.841066042483,37.5856644344714,24.595034786546,39.41981908008,30.8059474802324,284.3309636096,-596.142922991055,22.0384083454577,19.8078072983094,50.2986792939626,46.2342720149236,0,0
301,3,373.607144683386,-563.628729341846,33.9963256885142,17.0608725344323,73.4561266541736,71.4473874357758,439.038590306612,-526.020692319526,12.4936000662833,-2.12985673431092,101.632018178813,101.609698500634,180.042368047826,-535.812808769974,37.7910374176729,27.6626412411048,39.1943195909867,27.7663999785052,284.463015658255,-596.105167257933,22.3466368255572,24.1440942101548,49.9388642528299,43.7144470127867,0,0
302,3,373.720883833615,-563.545277676605,34.4726416047527,15.7043853975267,69.3677593470975,67.5666953174623,439.024391261716,-525.855371880943,13.1709980562875,-1.21304635198101,109.200646682691,109.193908962295,180.2267856561,-535.776581367909,37.976146750863,29.1291653704519,38.5584900335013,25.2635879970459,284.623976286323,-596.069543328717,22.6380664723091,26.8269133181605,46.8199876224629,38.3722290567995,0,0
303,3,373.825579736265,-563.474995751576,34.9230862402025,14.2152785161187,61.3235028131047,59.6531462202794,439.016304286036,-525.732321281369,13.8989574493695,0.0119226465670863,108.152974715765,108.152974058596,180.420980091903,-535.735346548064,38.1445706708433,29.1167216323672,37.3811731032043,23.4428800268859,284.802822375111,-596.036969840851,22.8938813326877,27.9375576414992,41.7563201773918,31.0335809694074,0,0
304,3,373.920348259706,-563.419877639717,35.320773881671,12.6001239024163,50.5537333866234,48.9583173420979,439.016383770347,-525.647079236867,14.6199772764268,1.32217384853277,100.26859716761,100.25987948464,180.615091569452,-535.692239549241,38.3008565376892,27.8287770627699,35.7287971301431,22.4077243725812,284.989072759387,-596.008437699651,23.1007718724838,27.6516263263431,35.6556570144358,22.5102962805773,0,0
305,3,374.004349085722,-563.381172007665,35.6471626639516,10.8987552554765,38.2475655445998,36.6618794385897,439.02519826267,-525.594701147835,15.288376472991,2.55181424653586,87.3591477183104,87.3218697355981,180.80061674987,-535.650383794315,38.4502413668397,25.5219780104582,33.8393347095494,22.2200182722382,285.173416934896,-595.984888401677,23.2508405143543,26.209759836911,29.5101023134339,13.5607753406944,0,0
306,3,374.077007454092,-563.359311725159,35.8915751935422,9.17149488162181,25.5246809613606,23.8200130104001,439.042210357647,-525.569964351237,15.8705222712283,3.58676251563281,71.1744038738906,71.0839707772445,180.97076326994,-535.612718046318,38.598374821988,22.4805770130956,32.0925399930903,22.9031609252168,285.348148667142,-595.967110816358,23.3412456832923,23.8903063285818,24.3794407188101,4.85905271513918,0,0
307,3,374.138150753303,-563.353901346754,36.0503752802782,7.48829609301254,13.5797632382961,11.3285211405351,439.066122107751,-525.567576226094,16.3444154097433,4.35860610126042,53.3279487917993,53.1495312791639,181.120633783361,-535.581844247707,38.7510625614894,18.9943105581349,30.9587821157015,24.4471339119457,285.507417376,-595.955660741464,23.3736393680599,20.9850085819369,21.2022457275149,-3.02731542888406,0,0
308,3,374.188072727256,-563.363756954801,36.1258987545485,5.91992336384806,5.92075671837955,-0.0993352122989677,439.09517948176,-525.582371194449,16.6987456182711,4.83771900750298,35.2535221061425,34.9200128249221,181.247262520415,-535.559903732139,38.9140434542357,15.340251105728,30.8927468519822,26.8148933257969,285.647317433212,-595.950806020783,23.3534572652006,17.778483192842,20.2288676294196,-9.65052438629179,0,0
309,3,374.227538883015,-563.386990792253,36.1252365197998,4.53117703796693,10.9251374499202,-9.94118015882677,439.12743094181,-525.609485329418,16.9315457037706,5.02591641372305,18.260038711823,17.5547480175462,181.34953086112,-535.548487702976,39.092809409741,11.7688528251506,32.178724294418,29.9493639397586,285.765840654498,-595.952498440818,23.2891204359587,14.5319461311971,20.6615653545445,-14.6875057290236,0,0
310,3,374.257746729935,-563.421131656908,36.0589619854076,3.37607641222348,18.1779295814938,-17.861669348876,439.160937051235,-525.64450030856,17.0485773572209,4.94895064642549,5.31928651113755,1.95005038058369,181.427989879954,-535.548585819905,39.2924718360061,8.49414501516463,34.831954306402,33.7803869318371,285.862720295373,-595.960372058917,23.1912037310985,11.4713400850746,21.291986635938,-17.937587673863,0,0
311,3,374.280253906016,-563.463271148529,35.9398841897485,2.49484371586846,23.8295304863261,-23.6985712234333,439.193930055544,-525.683551557809,17.0615776930914,4.6491622278495,12.1857762873108,-11.2640327726584,181.484617513388,-535.560574485073,39.5176744155517,5.68780985438337,38.6518615121601,38.2310765924213,285.93919589594,-595.973766114304,23.0716198132728,8.77975409890155,21.2159799982701,-19.3140810097146,0,0
312,3,374.296886197456,-563.510225516621,35.7818937149256,1.91248001784174,27.5077665838412,-27.4412033739857,439.224924470397,-525.723398390918,16.9864841412737,4.17858828694762,22.1102892214855,-21.7118467520827,181.522536245751,-535.584244058244,39.7725482595011,3.47671674306156,43.3627760290208,43.2231741734864,285.997727589933,-595.991769298925,22.942859273208,6.59380552682194,19.9522549271508,-18.8312029714638,0,0
313,3,374.309636064241,-563.55870300129,35.598952359099,1.63869010740996,29.249672324789,-29.2037330805396,439.252781725643,-525.761456591047,16.8417384962598,3.59279907645202,29.46802171584,-29.2481811168056,181.545714357371,-535.618861869196,40.0607027539911,1.94337460467722,48.7199092620029,48.6811344736715,286.041686293445,-596.013280984913,22.8173179200649,5.00348467508047,17.3259917138051,-16.5878006370066,0,0
314,3,374.320560664957,-563.605467139028,35.4042608052287,1.66889452660826,29.2434269330339,-29.1957669850742,439.276733719486,-525.795796091102,16.6467506221478,2.94568402329105,34.0531822485559,-33.9255385644545,181.558670188069,-535.66326567058,40.3852436504822,1.12870330168562,54.5465085353356,54.5348294418549,286.075042857945,-596.037084088969,22.7067325824849,4.05484624960764,13.3785693121617,-12.749287773533,0,0
315,3,374.331686628468,-563.647487461904,35.2096223586616,1.9860609660924,27.7635595618108,-27.6924322041452,439.296371612974,-525.825108126316,16.4205803650514,2.28534549435437,36.0284661733123,-35.9559114857758,181.566194876747,-535.715980235855,40.7488091800946,1.03651049177671,60.7297371351698,60.7208911208264,286.102075166276,-596.061923664839,22.6217373306613,3.75486803292802,8.41345019771101,-7.52908429257228,0,0
316,3,374.344927034909,-563.68207029036,35.0250061439673,2.56309221839786,25.1368424708904,-25.0058274745378,439.311607249604,-525.848647438738,16.1808742884796,1.65118626461549,35.7083457430705,-35.6701491393883,181.573104946692,-535.775348305852,41.1536151209001,1.63908384460854,67.2028256322485,67.1828339466916,286.127107619829,-596.086585104267,22.5715434353775,4.07778246073747,4.24249574230481,-1.17066661623895,0,0
317,3,374.362014316365,-563.706963840228,34.8583006274703,3.36552213935022,21.7216441508448,-21.4593356221826,439.322615158034,-525.866155824611,15.943073294217,1.07220118319447,33.4947994605033,-33.4776339594376,181.584032172323,-535.839666159559,41.6015006805447,2.88336259867492,73.9264382334461,73.8701867468066,286.154292836234,-596.109966024098,22.5637389912693,4.97221512189583,7.84564951637788,6.06887906581033,0,0
318,3,374.384451130627,-563.720433562471,34.7152383899891,4.35429314688918,17.9034466572167,-17.3658726644749,439.329763165922,-525.877773571453,15.7198890678207,0.566410589274824,29.8338921526914,-29.8285148812806,181.603254589648,-535.907313833393,42.0939685921901,4.69722855155368,80.8734492576199,80.7369236394308,286.187440937046,-596.131136525516,22.6041981850413,6.36852822871958,15.3196143701278,13.9331415211871,0,0
319,3,374.413479751606,-563.72130543409,34.5994659055593,5.48841737158341,14.1209753093447,-13.0107347387618,439.333539236517,-525.883945186603,15.5210323019455,0.141308149821384,25.1806140431277,-25.1802175446471,181.634569446658,-535.976870493751,42.6322147497863,6.99554631981272,88.0179479346168,87.7395092891923,286.229897791905,-596.149383501729,22.6970857951826,8.18585830994891,23.6405489600337,22.1780810455096,0,0
320,3,374.45006920075,-563.708976741945,34.5127276739676,6.72735738539245,10.9496635633143,-8.63931679931795,439.33448129085,-525.885325335775,15.3531641849812,-0.204856330512371,19.9704602484415,-19.969409516018,181.681206422123,-536.047206675796,43.2171448117142,9.68567805412022,95.3281951216541,94.83486925063,286.284470180638,-596.164235981519,22.8449396688193,10.3384467250834,32.2812151523072,30.5809314936965,0,0
321,3,374.494918249986,-563.683395667347,34.4551322286388,8.0330001331447,9.18304676297007,-4.44963557067233,439.333115581979,-525.882690156332,15.2200347882078,-0.481174527183725,14.5980121371408,-14.5900798294766,181.745777609151,-536.117546967492,43.8493772733851,12.6722915561146,102.762904703541,101.978564462468,286.353393158805,-596.175470035907,23.0488125454439,12.740979959807,40.977392193272,38.946297649777,0,0
322,3,374.548471584207,-563.64501260854,34.425467991501,9.37113782854055,9.38964888886469,-0.589306418303792,439.329907751798,-525.876858154643,15.1227675893446,-0.701791022231646,9.40414686378766,-9.37792448235761,181.830259552858,-536.187499107699,44.5292343698015,15.8613669536436,110.270116326727,109.123396176401,286.438333025203,-596.183093427673,23.3084545297758,15.3127752671168,49.5358033716156,47.1096033658759,0,0
323,3,374.610945836397,-563.594707595496,34.4215392820456,10.7124105786653,11.0834003437731,2.84359328569508,439.325229144983,-525.868623810002,15.0602480927955,-0.883461894079573,4.68488708443184,-4.60083275892371,181.936001999216,-536.25704819154,45.2567236776442,19.1633813090064,117.78793795053,116.218600677532,286.540418193651,-596.187311816819,23.622518552215,17.9807581025642,57.8058031353055,54.9381762909434,0,0
324,3,374.682361906922,-563.533699289845,34.4404965706169,12.0327057035638,13.3560965299276,5.79649100475166,439.319339399023,-525.858705858698,15.0295758744027,-1.04317743755189,1.1380698977916,-0.454954861543477,182.063757874609,-536.326517506454,46.0315143488278,22.4957099591236,125.246524622873,123.209719436183,286.660289914335,-596.188479813963,23.9887730608213,20.6812742430429,65.6718160052386,62.3303482511526,0,0
325,3,374.762579944945,-563.46344186838,34.4791398439819,13.3130464296585,15.6651639432315,8.25591643187344,439.312384882773,-525.847711089346,15.0265428419924,-1.19603624424371,3.16878310434037,2.93439664408348,182.213729274337,-536.396500212356,46.8529124784023,25.7843267712772,132.570787993914,130.039156880839,286.798165075955,-596.187041372013,24.4043087158289,23.3608564333196,73.0490923823066,69.2130066142239,0,0
326,3,374.85133358781,-563.385516524178,34.5341792868611,14.5390362218876,17.7829138564683,10.2395532600408,439.304411307811,-525.836113409405,15.0461054862863,-1.35351870133036,5.67177275162301,5.5079028015391,182.385624786145,-536.467768390162,47.7198401909412,28.9649128929128,139.683464198749,136.647370965084,286.953904118844,-596.183464820188,24.8657287599238,25.9761198449411,79.8796363464937,75.538053328434,0,0
327,3,374.948260495956,-563.30152436697,34.6024429752613,15.6999529457238,19.6324891431195,11.787540348044,439.295387849802,-525.824247001866,15.0828248382966,-1.52226360718259,7.42219178616676,7.26440943373161,182.578724205431,-536.541167708784,48.6308226640418,31.9834959543314,146.508280470674,142.974585969021,287.127078251143,-596.178178202718,25.3693157821133,28.4929917277566,86.1278083476344,81.2782184423899,0,0
328,3,375.052926848927,-563.212987167037,34.6810265775816,16.7876079407591,21.2043228121235,12.9537456184728,439.285239425754,-525.812311629179,15.1312542345214,-1.70340611652477,8.42506776117142,8.25107110516665,182.791947511794,-536.617506950556,49.5839865705019,34.796740632585,152.973041870124,148.962875846123,287.317031529328,-596.171510457828,25.9111705717293,30.8854896867444,91.7757373384566,86.4226387633899,0,0
329,3,375.164844235199,-563.121261688416,34.7673848817048,17.7950977689846,22.5175518954829,13.7976316358294,439.273883384977,-525.800387593843,15.1862613752226,-1.8924920492708,8.75925662768144,8.55237104626712,183.023925782677,-536.697451810297,50.5770724094761,37.3719990553852,159.012509544065,154.558441626802,287.522934793907,-596.16364337634,26.4873214968185,33.1342531471336,96.8188238240324,90.9725558344421,0,0
330,3,375.283478220326,-563.027472341093,34.8593690926103,18.7155799675651,23.6003592635626,14.3772050081683,439.261266771315,-525.788457550289,15.2432771821977,-2.07994524433843,8.53610644279088,8.27882485520801,183.273072443047,-536.781431745849,51.6074620203214,39.6872082486965,164.57096871798,159.713898099692,287.743829814888,-596.154578272925,27.0938052023815,35.2250081964229,101.261613473247,94.9374170744456,0,0
331,3,375.408248753443,-562.932465608933,34.9552171259981,19.5411980424041,24.4791000005438,14.7434024534423,439.247400469687,-525.776432280897,15.2984693478991,-2.25203255988902,7.88451535103455,7.55605265134509,183.537653831371,-536.869567290689,52.672221340986,41.7306947156831,169.604398123273,164.390391998146,287.978663202864,-596.144119984845,27.7267213162111,37.147112199645,105.114265482981,98.3315862948093,0,0
332,3,375.538523407059,-562.836788254637,35.0535064756877,20.2622651326351,25.1723495441549,14.9361237698379,439.232386919287,-525.764177682989,15.3488430322414,-2.39224573650176,6.9401016713148,6.51476565536901,183.815858462809,-536.96162329513,53.7681572876404,43.5009165687759,174.08216169403,168.559393917227,288.226310617528,-596.131879309316,28.3822652248432,38.892286479097,108.389765481941,101.171791096422,0,0
333,3,375.67360517461,-562.740689749347,35.1530806341533,20.8667908979322,25.688184362069,14.9819842958674,439.216438614377,-525.751540530159,15.3922748032772,-2.48300023925196,5.83657010510089,5.28206970832761,184.105864573268,-537.056991247073,54.8918865804219,45.0061446827888,177.988154494016,172.20403619247,288.485592527389,-596.117293443805,29.0567438321527,40.4536074960617,111.101955691726,103.475360347673,0,0
334,3,375.812717113929,-562.644147812117,35.2529605294591,21.3404037748745,26.0237611088731,14.8937338829796,439.199885279449,-525.738371026216,15.4274886013327,-2.50753747083934,4.69927593874046,3.97434902603706,184.40590553782,-537.154701369755,56.0399134883717,46.2640590231729,181.321351502529,175.319905753466,288.755283244029,-596.099662546541,29.7465795678038,41.8247929501291,113.264384520912,105.259239478442,0,0
335,3,375.954986472428,-562.546914464332,35.3522520886789,21.666683413531,26.1665577987324,14.6711818505608,439.183168362977,-525.724540712476,15.4539842615062,-2.45190735505503,3.64115225719671,2.69186553941978,184.714332597974,-537.253462838274,57.2087128600614,47.3012170170975,184.095731215134,177.915241394144,289.03411519703,-596.07819931649,30.4483078309934,42.9997913571555,114.889919204035,106.539717842459,0,0
336,3,376.099431028518,-562.448578693549,35.4500599676827,21.8278794003851,26.0968018792931,14.3033824394553,439.166822313943,-525.709954867729,15.471930031769,-2.3069023740959,2.75994906528794,1.51509744880469,185.029674044755,-537.351728411216,58.3948144693557,48.1523392970246,186.339575288428,180.010526189154,289.320780472744,-596.052087604832,31.1585726166098,43.9726629749856,115.99102131254,107.332762640372,0,0
337,3,376.244950224521,-562.348640760139,35.5454158506124,21.8059564563532,25.7907260991187,13.771776056246,439.151442964782,-525.694559107133,15.4820306814277,-2.06981127220445,2.12999397419372,0.50274807563726,185.350689640068,-537.447778205175,59.5948846439501,48.8593553297818,188.094178629018,181.637505573279,289.613931559244,-596.020545577018,31.8741243675456,44.7377261582488,116.580556584892,107.654828186351,0,0
338,3,376.390323267563,-562.246592436877,35.6372276909874,21.5838773567441,25.224380317445,13.0539496187222,439.137644222968,-525.678340400843,15.4853823352653,-1.74586095960478,1.77294560384853,-0.30871608952836,185.6764186756,-537.539816353404,60.8058013477719,49.4701575565628,189.412038324425,182.837697900467,289.912183066966,-595.982888864509,32.5918232221213,45.2899350459916,116.672996341646,107.523996665245,0,0
339,3,376.534215783275,-562.141997100247,35.7242540217788,21.1470164667105,24.377792952615,12.1276742946552,439.126005149904,-525.661323163727,15.4833242280018,-1.34921943952406,1.62417826327377,-0.904191315431291,186.006219725977,-537.626073919307,62.0247193337751,50.0370271978468,190.354620762775,183.660495357444,290.214115967273,-595.938589450516,33.3086498665563,45.6254499319328,116.285865118342,106.961304894948,0,0
340,3,376.675195893053,-562.034563629218,35.8051051837432,20.4845915406963,23.2393393103558,10.9748986780144,439.11701035364,-525.643561392747,15.4772962858989,-0.903442166313084,1.57322299523086,-1.28795296686279,186.339799907296,-537.704911643375,63.249122636158,50.6147166760144,190.989829855385,184.160977310601,290.518285633485,-595.887326655099,34.0217252325226,45.7423584734812,115.441294465553,105.992118146427,0,0
341,3,376.811759836658,-561.924208528075,35.87827117493,19.5910102665266,21.8102700681103,9.5854158585194,439.110987405865,-525.625128037759,15.4687099327865,-0.441260746896432,1.54515208334261,-1.4808051573068,186.677231351803,-537.774916787019,64.4768624848954,51.2582010228414,191.389311334475,184.397574064809,290.823234689975,-595.829027421371,34.7283393534988,45.6415020264302,114.167552223019,104.647423634637,0,0
342,3,376.942366571768,-561.811101564596,35.9421739473201,18.4670499767634,20.1095297230897,7.95997806778068,439.108045667552,-525.606102884811,15.4588378984045,-0.0036378114685931,1.51661319877711,-1.51660883586793,187.018952691955,-537.834989348518,65.7061796453274,52.0201416827447,191.62572576548,184.429725463261,291.127511370151,-595.763894039892,35.4259888443963,45.3273554988613,112.50042645451,102.96492993212,0,0
343,3,377.06548023828,-561.695691463304,35.995240467772,17.1208208355182,18.1793166030597,6.11269548336644,439.108021415476,-525.586560218296,15.448727172832,0.361953949180815,1.48326494936978,-1.43842422417775,187.365753636507,-537.884414089264,66.9357111484158,52.9481386953719,191.770105829002,184.31567512928,291.429693740144,-595.692418368843,36.1124217106105,44.8089008878043,110.484351151688,100.989872020101,0,0
344,3,377.17961904385,-561.578709741649,36.0359917709944,15.5684993152533,16.0923706546728,4.07261861194144,439.110434441803,-525.566557427796,15.4391376780042,0.604027396471452,1.4284757572651,-1.29448595720696,187.718741227809,-537.922915946694,68.1644823159444,54.0818793096705,191.889384876807,184.110527560848,291.728419746063,-595.615382418711,36.7856875240778,44.1004249447786,108.173165805707,98.775433788564,0,0
345,3,377.283409039285,-561.461152515575,36.0631425617407,13.8348529976781,13.962605189216,1.88445912732504,439.114461291113,-525.546125560931,15.4305077716228,0.670299310746714,1.31746934089808,-1.13420646190141,188.079287089874,-537.950697373983,69.3918858330167,55.4503207745824,192.044151098826,183.864672782089,292.022422579028,-595.533845810028,37.4441904160016,43.2221620840608,105.630403743536,96.3827105854659,0,0
346,3,377.375641392603,-561.344241890462,36.0757056225895,11.9536023229756,11.9600134942314,-0.39155368259074,439.118929953185,-525.525262620658,15.4229463952101,0.511523917009526,1.12713433825912,-1.00437796611139,188.448955895038,-537.968456834152,70.6176503182306,57.0690706838022,192.286655385618,183.622653860233,292.310570326255,-595.449121057326,38.0867418199047,42.2006972036371,102.929007096308,93.8801451711637,0,0
347,3,377.455332074756,-561.22937023408,36.0730952647056,9.96767358947181,10.3218430096203,-2.68065781646847,439.122340112632,-525.503930188209,15.4162505421027,0.0857764517121495,0.949600585265952,-0.94571860078414,188.829416366263,-537.977388048705,71.8418013439655,58.9381483367418,192.659092377995,183.42251919148,292.591908307612,-595.362737894221,38.7126094543791,41.0690421202588,100.150373069375,91.3423834003655,0,0
348,3,377.521783232019,-561.118032038155,36.0552242125958,7.92938646043524,9.31877906061868,-4.89535223877624,439.122911955643,-525.482053739626,15.4099457514308,-0.637034315849405,1.17715144641783,-0.989885250033495,189.222337355175,-537.979159686125,73.0646181385754,61.0403238281037,193.192191471269,183.295667467706,292.865701921747,-595.276397974073,39.3215586770482,39.8663059784525,97.3826513031169,88.8485139012289,0,0
349,3,377.574645808422,-561.011749071401,36.022588531004,5.90058800816564,9.10781920722913,-6.93797029897531,439.118665060204,-525.459526824876,15.4033465164306,-1.67069671624631,2.03224177567539,-1.15705622902436,189.629272847362,-537.975875061856,74.2865892550267,63.3402368737748,193.904198898116,183.267162206148,293.131477294937,-595.191921314921,39.9138821030564,38.6368956454447,94.7182403180807,86.4796816820963,0,0
350,3,377.61398306181,-560.911995005895,35.9763353956775,3.95269701425036,9.5594811949485,-8.70401442037583,439.107527082096,-525.436219095116,15.3956328082371,-3.00858473766255,3.34158565098867,-1.45417073935539,190.051541093187,-537.970011241674,75.5083703364011,65.7844936478782,194.800395075028,183.356467889408,293.38905659924,-595.111185866964,40.4904133142704,37.4292072436816,92.2504767097981,84.3161010619831,0,0
351,3,377.640334375238,-560.820125610959,35.9183086328749,2.16656315502348,10.3163124904573,-10.0862434779287,439.087469850511,-525.411987989358,15.3859383366414,-4.62025003113808,4.9858004912741,-1.87389866016217,190.490104384173,-537.964336849708,76.7307467889971,68.3029259781961,195.873355473456,183.578543646168,293.638584647531,-595.036061618479,41.0525206546836,36.2938043220396,90.0695767992901,82.43353948871,0,0
352,3,377.654778129605,-560.737319964854,35.8510670096888,0.631984739570157,10.9976788651743,-10.9795052580001,439.056668183637,-525.386693715888,15.373445678907,-6.44907796971097,6.87922727642449,-2.39440206759252,190.945457224028,-537.961808032721,77.9546037466382,70.8111717708292,197.104205093939,183.945224504894,293.880543343012,-594.968340758882,41.6020775846083,35.2811208265024,88.2579764040618,80.8993999493548,0,0
353,3,377.658991361202,-560.664537001736,35.7778703079688,-0.553323419552498,11.2998463902153,-11.2862908714881,439.013674330506,-525.360216975943,15.3574829984563,-8.411363921266,8.92362407775782,-2.97993685590212,191.4175317025,-537.965442547536,79.1809052433375,73.2146970139695,198.465113621124,184.466824837959,294.115750815188,-594.909665602851,42.141406917604,34.4387765171348,86.8853139770894,79.7685931736311,0,0
354,3,377.655302538405,-560.602490202941,35.7026283688255,-1.28555211516641,10.9983400932671,-10.9229501768688,438.957598571031,-525.332478671564,15.3376167527503,-10.3971382199433,10.9969790108467,-3.582326646245,191.905629682593,-537.978172893741,80.4106840755906,75.4143267251379,199.923215337618,185.153912611982,294.345342658636,-594.861456243922,42.6731975387616,33.8086465767418,86.0034018202092,79.0794571383575,0,0
355,3,377.646732190971,-560.551641503106,35.6298087009797,-1.45765046450208,9.93396952424949,-9.82644420083147,438.888284316231,-525.303460617622,15.3137345751087,-12.2730142861798,12.9535314531171,-4.14331961573344,192.408391860761,-538.002680819918,81.6450434930038,77.3132837750097,201.44601156243,186.019224077339,294.570733635814,-594.82484022802,43.200393919684,33.4238826468578,85.6416102688164,78.8500442501139,0,0
356,3,377.637014521207,-560.51221367378,35.5642990729742,-0.963410979008472,8.01950225293237,-7.96142296768067,438.80646422099,-525.273226049836,15.2861124443371,-13.8872518086004,14.6285891739224,-4.59781017702188,192.923813752594,-538.041217328331,82.8851716535194,78.8256505521488,203.008133320981,187.079712982193,294.793559520127,-594.800586880319,43.7260608813514,33.3061348971228,85.8031336012039,79.0751485234185,0,0
357,3,377.630591781347,-560.484218731349,35.5112229198563,0.29709363816437,5.33558775882371,-5.32731002498181,438.713882542266,-525.241938504208,15.2554603764903,-15.0771151366627,15.8465460273574,-4.87787045266419,193.449318089608,-538.095414360236,84.1323697400673,79.8860701586051,204.599128977236,188.35875178196,295.015600419441,-594.789049234666,44.2532285381742,33.4632681202578,86.4626087220468,79.7244780085357,0,0
358,3,377.632572405602,-560.467498440186,35.4757075196897,2.41072730431711,3.11009065378546,-1.96495743948404,438.613368441355,-525.209877464009,15.2229412401392,-15.6784671266564,16.4315564800121,-4.9174909165326,193.981891890666,-538.166096471248,85.3880947519471,80.4603941497135,206.23172625537,189.88851963071,295.238688873576,-594.790116748717,44.7847250582311,33.8878923936392,87.5655285277855,80.7423837613651,0,0
359,3,377.648643920964,-560.461771869325,35.4626078034265,5.44332680624962,5.81222391748165,2.03768008954057,438.508845327177,-525.177449059197,15.1901579673624,-15.5373739138355,16.2205363047692,-4.65787611213537,194.51829451833,-538.253102769547,86.6540182161518,80.5568675323869,207.949842250762,191.712618221875,295.4646081562,-594.803182081667,45.3230076166402,34.5570335551059,89.029847566424,82.0495288808655,0,0
360,3,377.684932766339,-560.466684302402,35.4761923373568,9.4309079660178,11.4775109354043,6.54150076120352,438.405262834418,-525.145190094556,15.1591054599481,-14.5233122372559,15.0782648458135,-4.05308184221198,195.05534030188,-538.355130933591,87.932102337631,80.237325517578,209.835536456711,193.888947477318,295.694988379901,-594.827125109028,45.8700044758459,35.4332446166921,90.7501241361904,83.5468144615199,0,0
361,3,377.747805486112,-560.481851649308,35.5198023424315,14.3705852992838,18.315010001178,11.3545528093034,438.308440752836,-525.113763813005,15.1320849143334,-12.5433765106152,12.9149654981707,-3.07571772630162,195.59025580533,-538.469615999481,89.2246953208131,79.6277688797048,212.014197538583,196.49284562337,295.931210010679,-594.860317002006,46.4269832389227,36.4674025113629,92.6044673800098,85.1217712034327,0,0
362,3,377.843609388107,-560.506894877411,35.5954993611602,20.2119317451036,25.923838430776,16.2333981074898,438.224818242766,-525.083946103347,15.1115801294914,-9.55668901870581,9.71065859992137,-1.72237784587894,196.121107597862,-538.592656592545,90.5346476249689,78.9275956845955,214.657610781815,199.620451121638,296.174326027421,-594.900646574685,46.9944617136123,37.603344642659,94.4644366476668,86.6574766702012,0,0
363,3,377.978355599741,-560.541459844694,35.7037220152101,26.8496580917684,34.0179613126058,20.8882156303758,438.161106982641,-525.056601364083,15.1000976105188,-5.58803713012708,5.58806744887445,-0.0184077562827234,196.647291569092,-538.719000213535,91.8654506324465,78.4167075437665,217.98522472557,203.392178258292,296.425014991705,-594.945570189782,47.572178224747,38.7843797394083,96.2078570149342,88.0438733793294,0,0
364,3,378.157353320353,-560.585219214946,35.8429767860793,34.1185952281222,42.292885819809,24.9921917931772,438.123853401773,-525.032647950817,15.0999748921436,-0.739611969331122,2.11215350835065,1.97842527724958,197.170069619384,-538.842097000733,93.2213984875018,78.4596896007329,222.264863764594,207.956117419157,296.683577523301,-594.992185330836,48.1591373806092,39.9615645187083,97.7342723847705,89.1911506809819,0,0
365,3,378.384810621874,-560.637854773444,36.0095913980338,41.7919986049611,50.4138821032917,28.1955379684007,438.118922655311,-525.013014058662,15.1131643939919,4.80037946082916,6.36247295905394,4.17581359578492,197.693134216722,-538.954228099101,94.6077726036295,79.5062956065067,227.815040707468,213.491081152061,296.949987953426,-595.037326544641,48.7537450518157,41.1034821009991,98.9824780143659,90.04462623076,0,0
366,3,378.663423945907,-560.699020324262,36.1975616511565,49.5841489864688,58.0280964397721,30.144189252842,438.15092518505,-524.998585991787,15.1410031512972,10.7534950193809,12.5378937861785,6.44679187361001,198.223176187432,-539.046710510007,96.0310464779765,82.087561329206,235.011359173251,220.208926284751,297.224011167433,-595.077680913788,49.3540425600208,42.2071030648823,99.949289867096,90.6003366208271,0,0
367,3,378.99398493915,-560.768287305834,36.3985229128421,57.1580871560712,64.7879053486172,30.5028810462282,438.222615151846,-524.990151988245,15.1839817637879,16.7524554482668,18.8456033416599,8.63203346639825,198.770426596294,-539.110175311187,97.4991059865416,86.8070267513232,244.298559027187,228.355700715693,297.505391854532,-595.109918644426,49.9580448041596,43.3091698181727,100.708452265429,90.9203396790772,0,0
368,3,379.375038853524,-560.845077171816,36.6018754531503,64.1390891129475,70.3830416503555,28.981887442281,438.334298188168,-524.988346006214,15.2415286535639,22.3492485405274,24.7120166701311,10.5448972293983,199.349140107969,-539.134910762884,99.0214773246462,94.3267713082093,256.207082356704,238.211102311172,297.79411965332,-595.130832878129,50.5641804020201,44.4974336477514,101.428386000563,91.1465626638936,0,0
369,3,379.802632780944,-560.928586312888,36.7950880360988,70.134165783827,74.5804831892822,25.3662622897714,438.483293178438,-524.993597014766,15.3118279684266,27.0307898769829,29.5663780820605,11.9794453760491,199.977985250024,-539.111256459112,100.609551340054,105.348252575452,271.368966147685,250.085708242918,298.090769210972,-595.13748159791,51.1718241531128,45.9210035232104,102.387353603644,91.5119206080771,0,0
370,3,380.270193886169,-561.017710713108,36.9641964513639,74.7574683840639,77.2704633512668,19.5459823832199,438.663498444284,-525.006090222759,15.3916909376002,30.2426457507948,32.8093592322506,12.721494850166,200.68030693386,-539.03002978711,102.276789395007,120.588276649356,290.523988660826,264.315446998722,298.39690923446,-595.127323631306,51.7819036238333,47.7990452411774,103.984566898633,92.3473953456629,0,0
371,3,380.76857700873,-561.110978525266,37.0945030005854,77.6610163805231,78.5144591711223,11.5449917140708,438.865116082623,-525.025747166872,15.476500903268,31.4208763776378,33.8391718583019,12.562566605471,201.484228778189,-538.882961965306,104.038892374998,140.750800418326,314.505888890198,281.252851235706,298.715569536068,-595.098340374689,52.3975529261377,50.4271031871696,106.745765650001,94.0838229896904,0,0
372,3,381.286317117933,-561.206499212527,37.1714696120126,78.5696666366078,78.5848916682776,1.54683002532288,439.074588591807,-525.052231512079,15.5602513473045,30.0315189310368,32.0928687683064,11.3163641013585,202.422567447645,-538.663118239704,105.913911383236,166.495647758478,344.202305744268,301.25475358433,299.051750223982,-595.049135056696,53.0247784127356,54.1804043519818,111.321842965717,97.2472956206982,0,0
373,3,381.81011489551,-561.301937755584,37.1817818121814,77.3187440106568,77.973768897304,-10.0856561841407,439.274798718014,-525.084986664535,15.6356937746469,25.6166207224254,27.0980908408829,8.83715282113808,203.532538432701,-538.365275748027,107.922276407132,198.405583574822,380.490424632366,324.666271182044,299.412952919662,-594.979002166267,53.6730937168736,59.5136399482868,118.479246546065,102.447345120452,0,0
374,3,382.325573188915,-561.394521604074,37.1145441042871,73.8922949008298,77.3296008696577,-22.7990334213835,439.445576189497,-525.123309766595,15.6946081267878,17.8450824709472,18.5429203636529,5.03913953149393,204.8552423232,-537.986233314155,110.086718215012,236.953498113667,424.159191479132,351.801164648339,299.809710519317,-594.887961081492,54.3560760176766,66.9568944690099,129.081331465968,110.357439332801,0,0
375,3,382.818188488254,-561.481086522724,36.9625505481445,68.4595475433895,77.2776963548559,-35.848747594131,439.56454340597,-525.16646430098,15.7282023903311,6.56591891844585,6.56646030357708,-0.0843188878513423,206.434932310625,-537.525030080332,112.432059312668,282.471674860841,475.833127098896,382.91894409395,300.256089815777,-594.776749884123,55.0917922798953,77.1075924856859,144.06073147312,121.687770682315,0,0
376,3,383.274585471876,-561.558165245035,36.723558897517,61.4069060400283,78.1331087096134,-48.3112260993178,439.60831619876,-525.213830412096,15.7276402644121,-8.13906319985165,10.3806426803708,-6.4430887535682,208.318076809697,-536.983054342369,114.984852273294,335.125216945951,535.910123330498,418.199413264819,300.770140432348,-594.646777713322,55.9030440844441,90.6185450642937,164.383916581309,137.150834197395,0,0
377,3,383.683964845476,-561.622119943077,36.4014840568549,53.3627031695772,79.633863026488,-59.1098473264569,439.554055777427,-525.265088279024,15.6846863393883,-25.9066764422158,29.3698076045993,-13.8358127498718,210.55224492267,-536.364030000018,117.772848361726,394.89166374635,604.518868719478,457.715672160695,301.37426406611,-594.500036638824,56.8173829790934,108.182384951041,191.009820126034,157.420846684563,0,0
378,3,384.03971619994,-561.669316051901,36.0074184080118,45.212015268379,80.8734728289605,-67.0551435968076,439.381344601146,-525.32042566449,15.5924475877225,-46.0517062776518,51.0111571079502,-21.940339523555,213.184856014312,-535.673875316545,120.824286176131,461.548625319445,681.495433562823,501.406913028442,302.095479965784,-594.338976725453,57.8668552903238,130.512868138189,224.844501771875,183.088615777679,0,0
379,3,384.341129635063,-561.696331122209,35.5603841173665,38.099115391725,80.4869594522958,-70.8985757843099,439.074333225962,-525.380756434505,15.4461786575654,-67.5381871809549,74.0280055813252,-30.3107057433345,216.261846849775,-534.920436738167,124.166998929654,534.670893916076,766.375717354425,549.052616194017,302.965565753372,-594.166350511389,59.087446062175,158.323676922868,266.69373750031,214.613985908439,0,0
380,3,384.595123737674,-561.700188365153,35.0877269454711,33.4156117540061,77.0240149702104,-69.3980963228583,438.624078644755,-525.447932802788,15.2441072859432,-88.9664363068164,96.8928191185855,-38.3821782551761,219.826319475882,-534.113108821835,127.827349704281,613.637970410994,858.400584285379,600.249951579637,304.021056932858,-593.985035331486,60.5182059682312,192.305477655975,317.215699963059,252.27842469494,0,0
381,3,384.817894482701,-561.678600725224,34.6250729699853,32.7729787473828,69.5925137029192,-61.3925877245339,438.030969069376,-525.52493077949,14.9882260975754,-108.579223413352,117.721624998008,-45.4855277547153,223.917239278622,-533.262359288581,131.829016048145,697.652296100898,956.531877259625,654.396291217307,305.303093450564,-593.797843608445,62.2000621328642,233.102061167693,376.876426654788,296.140625459349,0,0
382,3,385.036381007684,-561.630208059761,34.2157890518218,37.9590176172087,59.5480783334254,-45.8812228993541,437.307107579954,-525.615986301579,14.6849892458773,-124.289668992918,134.297432211723,-50.8711949957266,228.568254585962,-532.379185291193,136.191657989593,785.767749391914,1059.47873514591,710.678713795448,306.857107191682,-593.607332274643,64.1743329692598,281.286426410654,445.911173480567,345.998151659717,0,0
383,3,385.289441125132,-561.554787735861,33.9099142324927,50.878750763809,55.4724013965566,-22.102941827162,436.478509786668,-525.726659273291,14.3458479459057,-133.732352911633,144.127334346313,-53.7433371730153,233.806706248574,-531.474532631163,140.929516081563,876.927208034444,1165.73421432015,768.072216816579,308.73235003442,-593.415622795311,66.4809873136579,337.337663787491,524.294792670209,401.358107195426,0,0
384,3,385.62863279689,-561.453418081155,33.7625612869783,73.4813121146288,74.2121375846253,10.3893279278235,435.586960767257,-525.863804639486,13.987559031419,-134.337720922713,144.526213455319,-53.302937189463,239.652887635471,-530.558713427643,146.049997527007,970.007255504349,1273.62217992874,825.348036573266,310.981267793003,-593.224242819903,69.1567080282941,401.61946294651,611.723963608513,461.419564643142,0,0
385,3,386.118508210988,-561.328574977147,33.8318234731638,107.675486955293,119.429107181974,51.6652799394723,434.691375961106,-526.035433882601,13.6322061168226,-123.428265926597,132.724558436336,-48.7982743800791,246.119602672166,-529.640859283292,151.552317770829,1063.867492954,1381.35402414297,881.093012940036,313.658730879313,-593.03399933397,72.2328384592484,474.361021140069,707.613525809592,525.070017742047,0,0
386,3,386.83634479069,-561.184144666881,34.1762586727603,155.237606011235,185.403868152266,101.370015318749,433.868520854928,-526.250456982021,13.306884287622,-98.3332354870043,106.00006863527,-39.5801635840397,253.212052625193,-528.728446092715,157.426271190429,1157.40147014957,1487.09420840727,933.740339480988,316.821137686914,-592.844891414608,75.7333052441954,555.641072452926,811.108381555435,590.897457460124,0,0
387,3,387.871262164098,-561.02534058814,34.8520587748853,217.716427931524,269.416770400795,158.697678565039,433.212965951682,-526.51830364104,13.0430165303951,-56.5169041815295,61.8636682766929,-25.1585570807332,260.92806242619,-527.826923233601,163.651206786969,1249.58602278691,1589.03305395892,981.611337663537,320.525411503266,-592.65606844667,79.6726216272629,645.3757021657,921.111497419476,657.218832454213,0,0
388,3,389.322705016975,-560.858518552112,35.9100432986522,296.340363214242,370.506005079088,222.389498245121,432.836186590471,-526.848432921225,12.8752928165235,4.28610498527178,6.78241340161494,-5.25646607576178,269.258635911436,-526.939474068863,170.195282371393,1339.52583368883,1685.4646853806,1022.9671287707,324.827916184371,-592.465837099439,84.054080510291,743.310556030912,1036.3274830424,722.124691034737,0,0
389,3,391.298307438403,-560.690892455897,37.3926399536197,391.932813686316,488.007901744934,290.758287450971,432.864760623707,-527.249751506454,12.8402497093518,85.9362078321794,88.2653995005924,20.1432105788439,278.188808136028,-526.066926741959,177.015063229864,1426.49033155229,1774.86757979297,1056.06830261493,329.783319891244,-592.271717669143,88.8682451171892,849.017996997833,1155.32011560387,783.538773956169,0,0
390,3,393.911192862979,-560.530161331196,39.3310285366262,504.841447996807,621.063989694127,361.739673908287,433.437668675921,-527.72997161623,12.9745377798774,189.763494782343,196.435748465158,50.7623809829508,287.69874367971,-525.207824610885,184.05551858063,1509.94058591773,1855.98477069547,1079.23996221969,335.443439871229,-592.070547731111,94.0918369435637,961.899691709732,1276.58107376611,839.290307930789,0,0
391,3,397.276802516291,-560.384067119302,41.7426263626814,634.886849613559,768.467920904049,432.968397976528,434.702758641137,-528.294948951515,13.3129536530971,316.460352378667,327.939832847538,86.0080190473028,297.765014252495,-524.358654943626,191.250451662095,1589.54460701387,1927.9003605229,1090.93892698787,341.856104482628,-591.858628568324,99.6871056631023,1081.19501146751,1398.6061173654,887.195817567741,0,0
392,3,401.509381513714,-560.259910267484,44.6290823491916,781.33513630894,928.635676539062,501.876104741253,436.812494323661,-528.948047851237,13.8863404467458,466.00033414698,482.466698344821,124.971211031403,308.361978299254,-523.514223429284,198.523377842014,1665.18034766823,1990.10855696229,1089.81947047851,349.064071225744,-591.631907677086,105.601744446887,1205.99549168975,1519.97407409472,925.146507286325,0,0
393,3,406.718282422441,-560.164056216621,47.9749230474666,942.897877436917,1099.63270785956,565.805341897293,439.919163217974,-529.689584087193,14.7194818536218,637.590367600976,658.958328618335,166.446994559595,319.463180617042,-522.668151477483,205.788840978537,1736.92664977933,2042.57090948784,1074.79380979439,357.104041170343,-591.38618889153,111.769387828796,1335.26539743546,1639.42334733421,951.196735799709,0,0
394,3,413.00426827202,-560.101469357661,51.7469586601152,1117.76099263681,1279.23385865023,622.133127599492,444.169765668648,-530.516394751595,15.8291284840191,829.661536846368,855.575248693204,208.975454190585,331.042691615571,-521.813464047172,212.954133043833,1805.04329200191,2085.75674650444,1045.0836902314,366.005810486579,-591.117360381883,118.110699400794,1467.86818460187,1755.92031454684,963.648869491309,0,0
395,3,420.456008222932,-560.075311546275,55.8945128441119,1303.64241436441,1465.00429163774,668.396611292374,449.700842580957,-531.421579227986,17.222298178623,1039.90126549437,1069.74149178862,250.902804442977,343.076313562251,-520.943228680125,219.921357645376,1869.94209400812,2120.66102189134,1000.25983365612,375.791598383925,-590.82163000202,124.535025197403,1602.59833178966,1868.71401726193,961.129889898455,0,1
396,3,429.146957652028,-560.086639535358,60.3504902527277,1497.87628692734,1654.39340616505,702.413105959139,456.633517684252,-532.394445488519,18.8949835415762,1265.32691368082,1298.23683603608,290.459435990559,355.542594188972,-520.051202196138,226.589756536417,1932.1516441332,2148.7930303866,940.266723601019,386.475587262523,-590.495757198224,130.942557796726,1738.21766349028,1977.37202603271,942.655548791328,0,0
397,3,439.132799564877,-560.134229793358,65.0332442924553,1697.51953086877,1844.83488500076,722.387150518909,465.069030442125,-533.420682604799,20.8313797815132,1502.39782417876,1537.32808815007,325.850316123929,368.42360514986,-519.132440602604,232.858201360423,1992.27858890712,2172.1291453686,865.431134372915,398.063705019125,-590.137270928925,137.226928122001,1873.49491937478,2081.79336826185,907.678585852885,0,0
398,3,450.449596437336,-560.214550529288,69.849158629248,1899.47490274884,2033.8464372806,726.998228516598,475.08501593665,-534.48276447167,23.0037152223394,1747.15997070835,1782.93099775112,355.351909374632,381.70546240924,-518.18383036502,238.627742256243,2050.96852618227,2193.02360944161,776.453898295323,410.55367114829,-589.744663751061,143.278118694354,2007.24698307516,2182.19598726286,856.118493995886,0,0
399,3,463.112762455661,-560.321890036253,74.6958134860253,2100.62338867105,2219.12317794615,715.464225427097,486.732749074705,-535.560572671186,25.3727279515037,1995.41484903739,2030.79246327158,377.409073979061,395.378585917122,-517.204505140738,243.804101578212,2108.86937525586,2214.07450409645,674.385548331139,423.935317702124,-589.317553353415,148.985575320993,2138.37990563923,2279.07836123311,788.371458006549,0,0
400,3,477.116918380135,-560.448638601837,79.4655749888726,2297.958009702,2398.61915304421,687.577506174363,500.035514734955,-536.632209604804,27.8887884446974,2242.90235437608,2276.68118609371,390.72528949034,409.437715085495,-516.196120934795,248.300005233753,2166.59967979658,2237.94830029651,560.587568810939,438.191183739719,-588.85680429809,154.241385041037,2265.92767936426,2373.15755404346,705.300310651037,0,0
401,3,492.436638444815,-560.585709239404,84.0494250300351,2488.71095972226,2570.61237361766,643.712462481913,514.988197097462,-537.674957898629,30.4936237079663,2485.48629331848,2516.57430361416,394.340096030171,423.881712950805,-515.162973642914,252.037255692492,2224.723677513,2267.17589831765,436.681935309301,453.297368268814,-588.364604494137,158.943387112044,2389.08666411486,2465.28884268521,608.205548492199,0,0
402,3,509.028044842963,-560.723071403061,88.3408414465812,2670.46645085938,2733.74986858087,584.80533410736,531.558105719585,-538.666329856277,33.1225576815008,2719.33098669806,2746.82790692396,387.68870894057,438.713204134225,-514.111955132473,254.948468594554,2283.73420756885,2303.94390494409,304.492341954462,469.224612696247,-587.844492888183,162.998090768658,2507.24365535819,2556.3747320279,498.779533678767,0,0
403,3,526.831154515359,-560.850362605173,92.2395436739636,2841.25265730362,2887.07066934228,512.308878648029,549.686978964239,-539.585142343011,35.7071490744379,2941.05813611063,2964.32069345626,370.640275294629,453.938098851351,-513.052356285428,256.978417540917,2344.04369802728,2349.91287732657,165.980940965571,485.939570398634,-587.301336924157,166.32328765985,2619.99581161339,2647.27305033518,379.046897044717,0,0
404,3,545.772838897383,-560.957536231615,95.6549361982837,2999.6076218291,3030.00621782036,428.125910328713,569.294033204976,-540.412548571208,38.1780842430688,3147.87466342432,3166.56218335385,343.512975617929,469.565056838199,-511.995536686585,258.084957147354,2405.98266098452,2406.09436372491,23.1845248087239,503.406209142724,-586.741260401069,168.850266973482,2727.16101533848,2738.7143471788,251.294790755695,0,0
405,3,565.770223042911,-561.035500389677,98.5091089338085,3144.61578067052,3162.35933347944,334.526749307808,590.279864294472,-541.132959140698,40.4681707471883,3337.66442499156,3351.75973301467,307.06594406465,485.604941244763,-510.954489886914,258.239520646079,2469.80439921945,2472.80817099681,-121.84613307283,521.587282578314,-586.171524345639,170.52556557852,2828.77770011431,2831.23763812685,117.996978275441,0,0
406,3,586.734328247381,-561.076702606824,100.739287262527,3275.91371297157,3284.26444498706,234.056167983203,612.530960461082,-541.734790373608,42.5152770409527,3509.03933509864,3518.84176171783,262.469595839088,502.070303906226,-509.943339605256,257.42721309226,2535.69406123474,2549.72294283792,-267.100567301814,540.445800579076,-585.600365320546,171.312212100356,2925.0937048807,2925.15072498823,-18.2642154628553,0,0
407,3,608.573753000525,-561.075618632718,102.299661715749,3393.66567237059,3396.1331306531,129.435486992822,635.924556028406,-542.210988170579,44.2650743465466,3661.34826831429,3667.4379030522,211.257262255933,518.974930981124,-508.976805328189,255.646542643582,2603.7798209634,2635.9639828265,-410.654066949715,559.94642527828,-585.03679712395,171.190450663937,3016.54427600562,3020.51741026805,-154.874325277454,0,0
408,3,631.198190816329,-561.029110225177,103.162564962367,3498.51126810516,3498.58995941654,23.4651032690572,660.333544483835,-542.559289708353,45.6734560949195,3794.64491382661,3797.81993959094,155.261944868532,536.33346312088,-508.069675323998,252.908848863917,2674.14383286802,2730.25982483249,-550.702707663854,580.056720451651,-584.490383034095,170.157955162087,3103.71989424,3117.16979517451,-289.258275676193,0,0
409,3,654.521599270363,-560.936626127387,103.318998984161,3591.48921664227,3592.40404370409,-81.0679959278694,685.631177242679,-542.782202429182,46.7085357273764,3909.61831869924,3910.81012668022,96.5424727045381,554.161088673334,-507.236321237025,249.237497479491,2746.83072876461,2831.09680212922,-685.587376299172,600.748186413251,-583.970986570413,168.229566657579,3187.32512488749,3214.74041083865,-418.944456151425,0,0
410,3,678.464860714645,-560.800231771657,102.778545677975,3673.94230139829,3678.42152363452,-181.474162166313,711.695299367341,-542.886698833899,47.3521522120733,4007.49201473766,4007.66562873558,37.3033988051496,572.473293531764,-506.490281629537,244.66691497083,2821.85176337117,2936.85707415192,-813.807163617521,621.997020579168,-583.48850916396,165.43660361657,3268.13015130564,3312.70682026998,-541.619600079453,0,0
411,3,702.957809390633,-560.624465725428,101.5687179302,3747.40951154383,3757.50340080583,-275.234009268787,738.411912798925,-542.883645293267,47.6008415374409,4089.8992584159,4089.94907943463,-20.1873320970218,591.285638620905,-505.8439328215,239.241533880047,2899.18324550889,3045.92566558313,-934.023377233468,643.784554921205,-583.052623168769,161.825806282707,3346.91703684551,3410.44074659051,-655.173591102441,0,0
412,3,727.940539467592,-560.416033586692,99.7338245350746,3813.51176697197,3830.47183773749,-360.05902691963,765.677907855031,-542.787002040522,47.4662593234608,4158.74295954977,4159.39558940052,-73.6794782811845,610.613526924298,-505.308255079692,233.014711365157,2978.7585595426,3156.76177293453,-1045.05613964631,666.097335166842,-582.672508341902,157.457982342024,3424.42305743455,3507.25452767582,-757.734152333863,0,0
413,3,753.363951247405,-560.183361972805,97.3334310222771,3873.83768759499,3898.06644934456,-433.939642893391,793.402860918696,-542.612848295943,46.9750628015862,4216.04931494271,4217.78580386224,-121.017607119676,630.471917321249,-504.89269167305,226.047670434181,3060.45382478868,3267.9365795164,-1145.87602910511,688.926822216406,-582.356599334779,152.406421326465,3501.2836495292,3602.43932501667,-847.692099742586,0,0
414,3,779.189535831372,-559.936045511311,94.4405000696545,3929.83556415232,3960.91052239603,-495.18138611141,821.509856351648,-542.378299794368,46.1682787541217,4263.82402295391,4266.83293006311,-160.212216612915,650.87494281984,-504.605088597968,218.408496906814,3144.06799181714,3378.14368119941,-1235.59345808338,712.268713213267,-582.112350945747,146.755140661514,3577.97762194123,3695.2915381021,-923.718403225114,0,0
415,3,805.388439592387,-559.684227536124,91.1392908289118,3982.71708241612,4019.4858089382,-542.430465300729,849.935349838007,-542.100394738344,45.1001973100356,4303.91929269212,4308.08923801015,-189.503574244569,671.835396098621,-504.451694850927,210.171207186258,3229.29886698745,3486.18961130941,-1313.44845109172,736.121897359542,-581.946026961607,140.597017973347,3654.77728196873,3785.12590336869,-984.774656232558,0,0
416,3,831.939886808495,-559.437959903511,87.5230877269069,4033.3775004214,4074.11379336757,-574.690473561514,878.628145122621,-541.795027585602,43.8368401484052,4337.91876136289,4342.87476412739,-207.417541954428,693.36405521187,-504.437197770655,201.41488417898,3315.71712949485,3590.97177886847,-1378.80318893026,760.487079239334,-581.8625174363,134.031853598463,3731.70602364212,3871.27554635884,-1030.11868682644,0,0
417,3,858.829070144638,-559.206588590781,83.6918179031635,4082.33594138202,4124.94125174659,-591.332048904206,907.547603531707,-541.476007678899,42.4540565353756,4367.04599572612,4372.22827880057,-212.813047428535,715.468836075169,-504.564765718116,192.222862919445,3402.74080907679,3691.45016368197,-1431.13916066574,785.365119396948,-581.865188277733,127.164395686287,3808.50571665156,3953.08069857088,-1059.30695062667,0,0
418,3,886.044643087184,-558.998209413223,79.7496042438021,4129.69830646841,4171.92847196687,-592.097181854272,936.661243503215,-541.154311538417,41.0353028858521,4392.10058766761,4396.87846255576,-204.921063574555,738.153774802348,-504.836071438103,182.681935181673,3489.61289273582,3786.6178462639,-1470.06005744532,810.755157507958,-581.955766081059,120.102349348776,3884.61591817893,4029.86886377087,-1072.19505101488,0,0
419,3,913.575965130307,-558.819232454557,75.802289698107,4175.14409271841,4214.83950251224,-577.099503531404,965.941914087665,-540.837584094048,39.6691624620217,4413.42406997537,4417.23198465828,-183.374984254205,761.41786075392,-505.251273755499,172.881534798704,3575.38470821984,3875.47417126036,-1495.30071903078,836.652596962484,-582.134260281671,112.95438234201,3959.1665089517,4100.92993626909,-1068.93727439134,0,0
420,3,941.410259081763,-558.67408507891,71.9549596745643,4217.93717913225,4253.23496383515,-546.821369812502,995.364741220834,-540.529926082015,38.4466625669937,4430.89608252737,4433.37488503481,-148.232172961881,785.253758808719,-505.808942391729,162.912863338499,3658.90749174239,3957.00318708188,-1506.74158018142,863.047040355496,-582.398923909507,105.828133846067,4030.98483645149,4165.49015420817,-1049.98546328191,0,0
421,3,969.529840275978,-558.565072335966,68.3094838758143,4256.95947066409,4286.46898149536,-502.10795098783,1024.90404843768,-540.231983475719,37.4584480805811,4443.9595082266,4445.0841796626,-99.9862667027504,809.646475420335,-506.505919952847,152.867919470623,3738.83410640353,4030.15902835841,-1504.42723940126,889.920272598506,-582.746253499803,98.8282307575213,4098.61784532119,4222.68882550727,-1016.08694267694,0,0
422,3,997.909570080406,-558.492401026021,64.9620975358954,4290.76521241958,4313.69242830497,-444.15792000768,1054.53044515919,-539.941331659577,36.7918729692295,4451.67175690259,4451.84761471864,-39.5696028771496,834.572036129692,-507.337125633724,142.838404541281,3813.63227051266,4093.85912594505,-1488.58706442991,917.244391567314,-583.171028037591,92.0543178063417,4160.36900746105,4271.56150201106,-968.280634537624,0,0
423,3,1026.51467149654,-558.4543606213,62.0010447358442,4317.65284682483,4333.8647514508,-374.50978381495,1084.20825687188,-539.653123769952,36.5280756167151,4452.77807429671,4452.89059152965,31.6550342876116,859.996251266443,-508.295315861423,132.914490778415,3881.60992847157,4146.98553349085,-1459.65522578907,944.980184950387,-583.666386164525,85.5991135760909,4214.34915913037,4311.03271903341,-907.890009590212,0,0
424,3,1055.2990238087,-558.447641660065,59.5043128437445,4335.7505214658,4345.7762085681,-295.022491626601,1113.89344403386,-539.360950976756,36.7391091786326,4445.80174649655,4447.21013250002,111.914223667683,885.873650789587,-509.370826882254,123.183455939821,3940.95260623085,4188.39422840492,-1418.28726567573,973.075846011256,-584.223940240253,79.5465135121561,4258.53964331446,4339.92060661534,-836.511194212957,0,0
425,3,1084.20402728514,-558.467761137603,57.5374962329005,4343.11079532515,4348.08147096621,-207.84873752268,1143.53212234383,-539.057844172814,37.4852040030838,4429.1453953051,4433.61616023706,199.056081451585,912.146668164459,-510.551332154287,113.728207501983,3989.77179726151,4216.93194724619,-1365.37029903329,1001.46611030002,-584.833925216224,73.9697722174031,4290.86548159469,4356.95468694677,-755.994419930886,0,0
426,3,1113.15809925397,-558.509555717439,56.1518379827493,4337.80975946163,4339.34448140176,-115.399389042228,1173.05975831253,-538.737333115619,38.8122445460943,4401.19723716148,4410.78029299573,290.595376222144,938.745146812869,-511.82165246135,104.625738841761,4026.16268079182,4231.45991324542,-1302.02421836239,1030.07188017732,-585.485379646386,68.9298094178638,4309.27570237091,4360.80709294044,-668.417102410931,0,0
427,3,1142.07683098372,-558.567698021226,55.3825087224678,4318.04569854075,4318.09340480561,-20.2977323700903,1202.40107322694,-538.394471778824,40.749547054242,4360.43620968289,4377.29193754973,383.771765277381,965.586231351481,-513.163658264143,95.9455773860121,4048.26883313088,4230.88366552946,-1229.59182086788,1058.80038485979,-586.166355534872,64.4736954017909,4311.82747246822,4350.13637699999,-576.047173560373,0,0
428,3,1170.86380230732,-558.637189349404,55.2471905066672,4282.23257408079,4282.88366816674,74.6772825621157,1231.47064795816,-538.026738374633,43.3080254894245,4305.53023975517,4331.7208800141,475.620791076194,992.57469023902,-514.556301585007,87.7482985802262,4054.35109685972,4214.18806520705,-1149.61655882556,1087.54590134291,-586.864153121392,60.6333809113885,4296.77035338574,4323.64211801854,-481.295849731959,0,0
429,3,1199.41201946786,-558.713784191185,55.7450390570813,4229.08399721807,4232.36655448542,166.658921155862,1260.17418288986,-537.634725572649,46.4788307632658,4235.42260117379,4272.68503132044,563.056628001158,1019.60369755142,-515.975808645652,80.0841881880558,4042.85745048044,4180.47639829398,-1063.80757272535,1116.19103703215,-587.565576151015,57.4247419131754,4262.626859873,4280.12774577982,-386.659764758998,0,0
430,3,1227.60591278265,-558.79430775393,56.8560985314537,4157.68395211086,4165.3606086741,252.770952946895,1288.41033356436,-537.22255068497,50.2325416166069,4149.40223643957,4198.92161599014,642.964864871694,1046.55608055462,-517.396054837852,72.9921377032201,4012.49058742676,4129.01229632409,-973.992725335889,1144.6085494313,-588.257202687121,54.8470101481154,4208.26555383392,4218.56842102231,-294.65327295249,0,0
431,3,1255.32380579672,-558.876837115815,58.5412382177663,4067.54129100472,4080.92316944512,330.214719365536,1316.07301514062,-536.7979362479,54.5189740490848,4047.15502950793,4109.35995766132,712.302905201781,1073.30601780413,-518.789131021829,66.4988528676475,3962.26996820809,4059.26294522653,-882.061425029713,1172.66365312353,-588.925666121459,52.8826549950988,4132.96316394041,4138.1804424173,-207.732663576954,0,0
432,3,1282.44074773675,-558.960728811005,60.7426696802032,3958.62589789436,3978.41955762716,396.362431406279,1343.05404867067,-536.371937171683,59.2676600837634,3928.79423584346,4003.19409332483,768.204921380989,1099.72115092552,-520.126095511376,60.6184433674494,3891.58533953856,3970.9417634956,-789.90001529437,1200.21674088313,-589.557940723267,51.4977705712525,4036.45266996259,4038.48848318666,-128.214944461166,0,0
433,3,1308.83158705605,-559.046489745421,63.3850858895784,3831.38535284341,3857.58771909666,448.853304034112,1369.24601024296,-535.958319600963,64.3890262263033,3794.86951923914,3879.95367177533,808.087759511682,1125.66505318911,-521.377890530783,55.3524432654869,3800.23909528794,3864.048433008,-699.323323847202,1227.12642534955,-590.141625850453,50.6430042748447,3918.95490682294,3919.38696491706,-58.1946651349241,0,0
434,3,1334.37415607501,-559.135503145569,66.3774412498058,3686.74186600073,3718.59635369905,485.688434308843,1394.54514037122,-535.57262657622,69.7762779563812,3646.35522905155,3739.57187620209,829.753795321269,1150.99998049103,-522.516386663481,50.6902877731723,3688.47535415405,3738.90390756391,-612.00652920932,1253.25279139504,-590.665222810967,50.2550398406119,3781.19199199323,3781.19203014227,0.537119821990117,0,0
435,3,1358.95243518168,-559.229635457377,69.6153641451981,3526.07013689237,3562.09471305713,505.319833872942,1418.85417523157,-535.230994015427,75.3079699251896,3484.6196030877,3582.44938513966,831.486511534876,1175.58981618539,-523.515505143073,46.6102442451101,3556.99421258263,3596.17786279395,-529.421752955917,1278.46073800832,-591.118398296346,50.2586206394251,3624.3817183716,3624.68086192261,46.5672666339124,0,0
436,3,1382.45956942763,-559.330762402437,72.9841630376844,3351.15758821687,3389.25231233786,506.728779155136,1442.08497258549,-534.948804916562,80.8512133354221,3311.37744229474,3409.51360671159,812.134514112705,1199.30311093594,-524.352356988781,43.0807658920707,3406.95026327572,3436.90604488212,-452.783684459557,1302.62328279747,-591.492228296084,50.5690690836512,3450.21293598097,3451.1155104319,78.9237779964107,0,0
437,3,1404.80062001574,-559.44026152955,76.3623548987186,3164.14909459309,3201.78679116017,489.488675286264,1464.16082220078,-534.739287687449,86.2654434295068,3128.62943649835,3222.27256486287,771.179830742457,1222.01611269111,-525.008331018362,40.0622079956736,3239.93511759192,3262.49517363642,-383.008083198752,1325.62470237067,-591.77941643196,51.0952276036273,3260.80282154833,3262.24892137266,97.1235500771176,0,0
438,3,1425.89494731303,-559.558523565534,79.6256127339604,2967.47885991323,3001.97808912696,453.80795890601,1485.01835177744,-534.612174252262,91.4066423011232,2938.59171203721,3022.86283974372,708.786637747685,1243.61568014173,-525.4700604808,37.5088207743486,3057.94430775679,3074.71348765954,-320.686204650775,1347.36338784766,-591.974480730522,51.7427179374747,3058.6377595459,3060.31151479672,101.200906505046,0,0
439,3,1445.67813971245,-559.684535021374,82.6509991266671,2763.7924893059,2792.66692976239,400.549193788689,1504.60896319102,-534.572533832726,96.1318865527744,2743.61933145386,2814.09070913693,625.827039463361,1264.00197552677,-525.730200896016,35.3709127433435,2863.32955205301,2875.66568887369,-266.07711383228,1367.75430624464,-592.073903003012,52.4173906475084,2846.5002911649,2847.97741947595,91.7140896647684,0,0
440,3,1464.10342297449,-559.81557964592,85.3213270852584,2555.86255994135,2577.23515842319,331.221431224829,1522.89975873405,-534.619888642708,100.304066815864,2546.12743056454,2599.46463378288,523.881178908716,1283.09083920712,-525.787959730936,33.5970653177949,2658.73792905602,2667.75192293714,-219.118568208398,1386.7309748524,-592.076235268348,53.0288179119402,2627.38519583171,2628.31028731237,69.7280368030295,0,0
441,3,1481.14250670743,-559.947096732153,87.5294699600906,2346.50113077762,2359.56433022561,247.944089932374,1539.87394160448,-534.747698653242,103.796608008588,2348.51346972127,2383.21432012474,405.209795273214,1300.81575873416,-525.64933142184,32.1362748630723,2447.04001586534,2453.61146350709,-179.455773401548,1404.24687615795,-591.982158096068,53.493671490627,2404.40822843622,2404.68941677654,36.773117699363,0,0
442,3,1496.78584757928,-560.072720747744,89.1824305596398,2138.47265671635,2143.96626532476,153.382017613267,1555.53069806928,-534.943275453674,106.498006643743,2153.0837485317,2170.28431947262,272.698366620396,1317.12935883993,-525.327008205153,30.9399030403953,2231.24949227362,2236.05286897308,-146.485958615339,1420.27626434752,-591.794486431462,53.7388256086228,2180.71132800602,2180.71757328522,-5.2190364242982,0,0
443,3,1511.04233195739,-560.184510476508,90.2049773437282,1934.41069545687,1935.07376139536,50.6529697338088,1569.88458972616,-535.188152204864,108.315995754546,1961.98692761467,1966.27408638385,129.77318156608,1332.00435545509,-524.839957116698,29.9633299829597,2014.43708908207,2017.97345091343,-119.415504529329,1434.81433986756,-591.518119462182,53.7040320324608,1959.36823143945,1960.11220833396,-54.0000267190994,0,0
444,3,1523.93840326043,-560.273358315401,90.5426638086203,1736.74161746427,1737.66984902133,-56.7895973344797,1582.96450257693,-535.458900490548,109.18115029832,1777.15684822023,1777.26613253572,-19.7089492974818,1345.43393604897,-524.212674958052,29.1672266194308,1799.64205224169,1802.27182995357,-97.3253967241824,1447.87679474382,-591.159932448116,53.3440318543335,1743.29436708485,1746.58147586291,-107.105562496503,0,0
445,3,1535.5166807102,-560.32955321857,90.1640664930571,1547.61824700032,1556.42034867477,-165.29386957946,1594.8122148984,-535.728348595808,109.049757303003,1600.2664591362,1609.44005548176,-171.594148946978,1357.43154973058,-523.474154431526,28.5183906412696,1589.78448869864,1591.75806083308,-79.2401648174526,1459.49875719106,-590.728610190108,52.6299947710234,1535.16467102912,1543.68522683359,-161.967627531928,0,0
446,3,1545.8341356902,-560.343455648211,89.0621073625273,1368.86596804807,1395.46492912056,-271.161077452627,1605.4806579593,-535.967122502952,107.905796310023,1432.69415678451,1468.34206447088,-321.583381738143,1368.03011298857,-522.656614386866,27.9901228758199,1387.58203432791,1389.06620932819,-64.1952639048862,1469.73318833125,-590.234423943346,51.5502105874773,1337.34257258167,1354.67892043677,-216.031990770736,0,0
447,3,1554.95990881052,-560.306231241457,87.2543668461765,1201.9433172533,1257.84062877271,-370.803599633885,1615.03195233787,-536.145403591195,105.761907098436,1275.50331762822,1357.75651377776,-465.396645266538,1377.28065988409,-521.794063656685,27.5621544497874,1195.4742170473,1196.57431745324,-51.2980853818281,1478.6488054818,-589.688956021223,50.1099973156723,1151.8228484465,1182.33579954882,-266.874631037365,0,0
448,3,1562.97286425887,-560.21058288069,84.7823428486172,1047.91845681209,1144.79836247664,-460.901506399975,1623.53530778872,-536.234778068493,102.659262796659,1129.43524936608,1278.41915250573,-598.942023056377,1385.25048799774,-520.920779942864,27.2201672139085,1015.55765926338,1016.33640242224,-39.7784313424618,1486.32762447144,-589.104778961452,48.3308331087566,980.190367420391,1028.74246321651,-312.310581378631,0,0
449,3,1569.95898730429,-560.051419187093,81.7096661392841,907.462184432177,1055.23575375724,-538.54886485183,1631.06487611783,-536.210044266689,98.6663159762828,994.915211603586,1227.22108826253,-718.481260156491,1392.02087239283,-520.069791629584,26.9549776716254,849.534860593417,850.030556427074,-29.0252906315423,1492.86222692091,-588.495098760409,46.2487625662324,823.595966531525,895.071454022764,-350.489075035768,0,0
450,3,1576.0087352005,-559.826401375841,78.1193403736052,780.857320613757,985.595054405727,-601.381290125435,1637.69764419519,-536.050845959569,93.8764409085728,872.070571152403,1197.57753557001,-820.78308500593,1397.68443813012,-519.271450630592,26.7614757340818,698.678724093304,698.926475255039,-18.6080174060807,1498.35286669778,-587.873374105398,43.9121687326606,682.749851194285,781.360554153006,-379.969678106654,1,0
451,3,1581.21445067126,-559.536319624672,74.110131772769,668.02345769006,930.451962337901,-647.677013791803,1643.51144800287,-535.743012742812,88.4045536752,760.759588424867,1180.94280833716,-903.255647744807,1402.34229629074,-518.552178299706,26.6374222847079,563.814253274222,563.875069425726,-8.28140837651024,1502.90453237241,-587.252925512553,41.3790375452829,557.932040655714,686.373391604972,-399.77527526482,0,0
452,3,1585.66794038919,-559.185263818361,69.792285014157,568.555218350411,883.632285678758,-676.425147359546,1648.58317859237,-535.279511213421,82.3828493569012,660.60881805405,1168.67312700142,-964.050241058268,1406.10105797924,-517.933454430271,26.5822128955312,445.317987940223,445.322589516666,2.02443836680839,1506.62407931012,-586.646549588256,38.7138690435174,449.018537386667,607.652673602946,-409.419253113417,0,0
453,3,1589.45830851153,-558.780570500443,65.28278403176,481.771423033149,839.382537669931,-687.356778168244,1652.98723737939,-534.660941274428,75.9558477498461,571.056694083336,1153.41671380243,-1002.12991564038,1409.06984456551,-517.431102334886,26.5957091513099,343.134817181772,343.352604647866,12.2273609624349,1509.61753622603,-586.066154098048,35.9844073560946,355.521140589099,541.848050655461,-408.905892099086,0,0
454,3,1592.67011799842,-558.33254651758,60.7004055106384,406.77197779379,793.182530697616,-680.936917111713,1656.79428200662,-533.895547684791,69.2749816455769,491.400601669943,1129.76592600318,-1017.29862687229,1411.35741001338,-517.054902278102,26.6772248910595,256.810874486121,257.762296867215,22.1263741253789,1511.98767716329,-585.522429045061,33.2583680754341,276.638203648338,485.277381994271,-398.704704960243,0,0
455,3,1595.38193118371,-557.853988422935,56.1608260632269,342.498930798035,742.083568970291,-658.317936667297,1660.07028601775,-532.998754762765,62.4929907997617,420.844646848866,1094.34548887722,-1010.18900817846,1413.06948250996,-516.808542826491,26.8247340518954,185.540356578872,188.185474832035,31.4411993782604,1513.83193185428,-585.024567516304,30.6003367090325,211.313199145513,434.541371136726,-379.701112845715,0,0
456,3,1597.66525738903,-557.359533443099,51.7720398187783,287.798049970831,684.681628332862,-621.257768248838,1662.87591699674,-531.9922684952,55.7583974119052,358.545439707325,1045.6052998362,-982.209555395709,1414.30641822048,-516.689896871571,27.0343420477504,128.223385935826,134.274307628286,39.8541464368234,1515.24068651525,-584.580047728933,28.0689959567277,158.297734284895,386.984577511066,-353.127300773655,0,0
457,3,1599.5839110555,-556.864891113823,47.630321363786,241.477460395481,620.890588294991,-572.008530315981,1665.26621992812,-530.902821892501,49.2103337092672,303.653499473558,983.504405460455,-935.454685069023,1415.16124079339,-516.691588066542,27.3000363573293,83.5315171153866,95.8711128099918,47.0505676886907,1516.29600474381,-584.194484661208,25.71481395157,116.215665779964,340.899366528545,-320.478231908008,0,0
458,3,1601.19376079147,-556.3860133102,43.8169311616795,202.360327799806,551.64001727498,-513.183209382278,1667.29057659128,-529.760663440009,42.9739691421404,255.348347010022,909.178110202709,-872.583553449765,1415.71811757416,-516.801795897963,27.6137068085872,49.9772099243273,72.6689057545929,52.7546050288468,1517.07077584901,-583.871556105392,23.5782924055166,83.6251858034075,295.498296171907,-283.41854445298,0,0
459,3,1602.54282964347,-555.938263594854,40.3957097657977,169.329232528651,478.567140034691,-447.609336958292,1668.99289890468,-528.597902938245,37.1567454524753,212.865928644862,824.623378966279,-796.675475686257,1416.05129897365,-517.005234910653,27.9654041754462,25.9835742425139,62.4226128195567,56.757699572869,1517.6282770877,-583.613004186284,21.6888354424967,59.0761583221933,250.744960633563,-243.686361540851,0,0
460,3,1603.67169119366,-555.535644438566,37.411647519409,141.360672538133,403.735478782293,-378.179186480607,1670.41200509565,-527.446832973576,31.8455756145669,175.517661814285,732.412837194553,-711.071103672917,1416.22452280194,-517.284236525129,28.3437888392653,9.95092278953962,59.7723748369681,58.9382382608068,1518.02211814319,-583.418709610198,20.0642596988911,41.160530931802,207.130760934002,-202.999908419957,0,0
461,3,1604.61409567725,-555.190133410225,34.8904529428717,117.548979121989,329.394349478975,-307.705825385311,1671.58212284108,-526.338337967679,27.1051015900808,142.7010498546,635.439624017081,-619.209113419178,1416.2908622872,-517.619860653653,28.7367104276707,0.317116919927685,59.2725093806924,59.2716610627994,1518.29652168273,-583.286832390112,18.7109269760913,28.5542752334891,165.454865496663,-162.972285626757,0,0
462,3,1605.39775553806,-554.911167925048,32.8390807736363,97.1197421487204,257.787811267819,-238.793449079363,1672.53346317344,-525.300487577492,22.9770408339529,113.902424487912,536.693996865172,-524.4680008989,1416.2929764,-517.992968579022,29.131854834756,-4.39069322643491,57.9976877619094,57.8312510561485,1518.48688351762,-583.214009745973,17.624445071913,20.0499616488287,126.636159408947,-125.038857591266,0,0
463,3,1606.04522048572,-554.705304024603,31.2471244464405,79.4335520184063,191.027289958037,-173.728916195466,1673.29281267003,-524.357389389156,19.4805874946269,88.6928911464565,439.073032522141,-430.021742413418,1416.26370511182,-518.385197460533,29.5173965084637,-5.51460985442418,55.0574686499034,54.7805981373751,1518.62054992861,-583.195599471228,16.7908526879712,14.5797005498821,91.5687252792199,-90.4005740088913,0,0
464,3,1606.57477749918,-554.576059565492,30.0889316718041,63.9814226179283,131.075784245524,-114.399470170824,1673.884098611,-523.528350111731,16.6137758785375,66.71893669361,345.225126764191,-338.716653909762,1416.22694104613,-518.779789169453,29.8826004960462,-4.23571993046608,50.537130005782,50.3593108162926,1518.71774793228,-583.225955398636,16.1881821945786,11.2287390447023,61.0271662439235,-59.9852518476788,0,0
465,3,1607.00132031663,-554.523937680521,29.3262685373319,50.3736353875183,80.0703117278186,-62.2394704189826,1674.32889152229,-522.827367662837,14.3556648524724,47.6893882504896,257.430761283617,-252.974937698098,1416.19870291326,-519.16224054108,30.2183292348214,-1.55518190025532,44.8908673821748,44.8639207334928,1518.79260619258,-583.298720741666,15.7882805155941,9.24046260602154,35.6460403353773,-34.4275186793656,0,0
466,3,1607.33714455255,-554.546613741963,28.9113387345387,38.3239332922813,42.4288853846961,-18.2067694003207,1674.6468207773,-522.262951194238,12.6691652678184,31.3604787952272,177.520315348519,-174.728311189606,1416.18833503392,-519.520757157304,30.5174220397114,1.71384568352551,38.6640804119241,38.6260772933623,1518.85420927662,-583.407125025043,15.5587637243983,8.01389668785077,16.1894717895316,-14.0668566744846,0,0
467,3,1607.59263744116,-554.639259195396,28.7899602718699,27.6310071957141,32.5537728779908,17.2126572597669,1674.85589063593,-521.838244221917,11.5043098598877,17.5206888336106,106.829493987916,-105.382950464057,1416.19976067181,-519.846507172059,30.7749292216671,4.94450886678806,32.3699478937266,31.9900821929052,1518.90763525454,-583.544270991922,15.4649846799017,7.09503079195883,7.17054669688646,1.03792003226904,0,0
468,3,1607.7768441558,-554.794969005199,28.9047113202683,18.1590811008391,47.5767585251011,43.9749442902311,1674.97269522816,-521.551408916905,10.801756856794,5.97681617610988,46.2031284698945,-45.8149184087734,1416.23272406426,-520.133684435791,30.9881964362865,7.68629490162311,26.4337680051515,25.2915986374024,1518.95493545982,-583.70339919052,15.4719041467835,6.16340082477791,12.6791438382131,11.0803058957424,0,0
469,3,1607.89790469647,-555.005256130143,29.1978776155365,9.81915034230951,63.1953657390389,62.4278666738341,1675.01254066933,-521.396217923332,10.4963240674022,-3.45758994516245,4.9962303886972,3.60657592018425,1416.28396603027,-520.379400543933,31.1568070938692,9.64857047226815,21.1661048303618,18.839030801279,1518.99602479865,-583.878119782324,15.5457728527551,5.01537684542654,17.2138647905156,16.4670317946044,0,0
470,3,1607.96336569875,-555.260576200001,29.6140633933621,2.55209545196067,73.2894009453154,73.2449527252717,1674.9894900697,-521.362793856527,10.52036790687,-10.9706704887117,44.3505007640524,42.9722155241072,1416.34828983342,-520.583433032284,31.2824006325444,10.6795109549807,16.7459609724575,12.8986532108401,1519.02946064428,-584.062603350145,15.6555530647192,3.54552920475726,18.1220055839827,17.7717840703773,0,0
471,3,1607.98037966843,-555.550847955785,30.1023630781972,-3.68547792834306,77.4376018744542,77.3498509145698,1674.91635226644,-521.438435492784,10.8068493436974,-16.7572113950541,74.6716456786412,72.7670978850882,1416.41948657312,-520.74786167594,31.36839165395,10.7422905333806,13.2076708782692,7.68412416122501,1519.05309750565,-584.251724989927,15.7740316251884,1.72730617886145,15.7800977687323,15.6852765023515,0,0
472,3,1607.95580981558,-555.865939487541,30.618028750961,-8.93220025486698,76.360781173722,75.8365657191042,1674.8046375238,-521.608472858717,11.291963329598,-21.0201303878421,96.1191229339365,93.7925365477835,1416.49110184334,-520.876626878093,31.4196191483582,9.89026518003584,10.4424020305122,3.3505842528454,1519.06461288017,-584.441158621675,15.878600135204,-0.405928970974401,10.9725569455957,10.9650457178647,0,0
473,3,1607.89626181388,-556.196096237013,31.1236058557551,-13.2295790384092,71.1318355790745,69.8907452479581,1674.66450332122,-521.85710002293,11.9172469065832,-23.9688482674865,109.730887449699,107.08109998141,1416.55703694454,-520.975043805909,31.4419563767105,8.24265155742978,8.24265439945133,-0.00684482248587415,1519.06190668703,-584.627421132649,15.9517004399898,-2.77866422341049,5.19374897911318,4.38794411901267,0,0
474,3,1607.80806462029,-556.532293504557,31.5895441574081,-16.6264986298643,62.9518141669261,60.7164759370825,1674.50471099943,-522.168143356479,12.6311209064593,-25.8151588104283,116.701649610332,113.810599670527,1416.61198795492,-521.049303699943,31.4419107445606,5.96191486780526,6.40859037608341,-2.35065984724958,1519.04338225888,-584.807868553344,15.9809534007832,-5.28918934491003,6.23011932911331,-3.2922428416934,0,0
475,3,1607.69722129609,-556.866503223914,31.9943206636553,-19.1809900734029,53.0603437223663,49.4721102818515,1674.3326099407,-522.525733340143,13.3898582375962,-26.7673854917803,118.290471539219,115.22214514105,1416.65173405404,-521.105990150294,31.4262396789122,3.23375787004352,4.91051555409762,-3.69539890200858,1519.00812099658,-584.980648849153,15.9590051151719,-7.82332296557797,13.8099552644451,-11.3802672280679,0,0
476,3,1607.56934802894,-557.191871527886,32.324134732201,-20.9598369593436,42.7137657041548,37.2176170014573,1674.15416070409,-522.914858719849,14.1580058718698,-27.023693641695,115.745407407594,112.54652068327,1416.67329243984,-521.151633581703,31.4016036862322,0.250279684269117,4.10737801289307,-4.09974562874815,1518.95596551014,-585.144617976188,15.8831366669848,-10.2657010660892,21.831092025695,-19.2668617230741,0,0
477,3,1607.42961578254,-557.502809699249,32.5722521788774,-22.036659216792,33.2321289069499,24.8748877836888,1673.97400274648,-523.32179215048,14.9083160097583,-26.7654161457585,110.240643701944,106.94209658672,1416.67496097107,-521.192322151805,31.3742720487072,-2.8034296210194,4.60808518043811,-3.65721634445713,1518.88752750303,-585.299227493374,15.7546909221643,-12.5085782824272,29.2565377347423,-26.4476930861047,0,0
478,3,1607.28270472109,-557.795006169269,32.738084764102,-22.4891199358126,26.0775471055129,13.2014373290517,1673.79556663884,-523.734385796996,15.6212633203364,-26.151160150016,102.827338435892,99.4463591722573,1416.65627144026,-521.23338209725,31.3498906064108,-5.75925611924504,6.27301300609562,-2.48629465823811,1518.80413698115,-585.444393152573,15.5783729682569,-14.4582296002909,35.6019458239176,-32.5339536987811,0,0
479,3,1607.13277725486,-558.065371089095,32.8260943462957,-22.3958421105408,22.5673608046676,2.77705416723784,1673.62122557117,-524.142243237233,16.2842390481515,-25.3123083808532,94.398958685304,90.9420169410286,1416.61787639947,-521.279135535476,31.3333153086892,-8.47280049944175,8.5034032867992,-0.720776771689557,1518.70774878382,-585.58035443354,15.3614799435984,-16.0391445600567,40.5611274753582,-37.255213109763,0,0
480,3,1606.98347164079,-558.311927565575,32.8446080407439,-21.8335180823715,22.6423414581786,-5.99775915284297,1673.45247684863,-524.536780166842,16.8905191610917,-24.3503326670975,85.6710150705944,82.1375926249832,1416.56139106281,-521.332739044352,31.3285101302113,-10.8272527626923,10.9305340504743,1.49905711744101,1518.60082115342,-585.707534911288,15.1131118562,-17.1962799501785,43.9586387464494,-40.4555296135885,0,0
481,3,1606.83791485357,-558.533664930286,32.804622979725,-20.8745618690159,24.5353478895373,-12.8932526089134,1673.29014129752,-524.911190738292,17.4381031119249,-23.3361218370646,77.1742813962435,73.5615057392945,1416.48920937772,-521.396102133206,31.3385038443276,-12.7348656275217,13.358517652896,4.03400437923676,1518.48617928708,-585.826412639196,14.8434083254427,-17.8956824954525,45.731005535851,-42.0840755552737,0,0
482,3,1606.69875110778,-558.730369490318,32.7186679623322,-19.5855110111438,26.4884533520323,-17.8338419701184,1673.13456715194,-525.260338902972,17.9285131501868,-22.3113135254493,69.260006253663,65.5679323680909,1416.40431027354,-521.469881074291,31.3653972068558,-14.1365334392276,15.6662298099973,6.75197591681496,1518.36687473711,-585.937408446193,14.5628478217409,-18.1238134301907,45.9104037631984,-42.1816614235089,0,0
483,3,1606.56818103437,-558.902447247985,32.5997756825314,-18.0262460017502,27.5814998627859,-20.8756698039906,1672.98582506177,-525.580595007011,18.3656326993075,-21.2914290426625,62.1152720011428,58.3522241658125,1416.31006671728,-521.553540536571,31.4104103796346,-14.9999818203696,17.7726338599039,9.53242150278637,1518.24604931424,-586.040798270616,14.2816367455842,-17.8859056297142,44.6073781733027,-40.86456371113,0,0
484,3,1606.44800606102,-559.05075127756,32.4606045505048,-16.2499748757455,27.4961240836201,-22.1805129823338,1672.84388220148,-525.869637337311,18.7546475270795,-20.2704575435746,55.7864149997472,51.9733840489357,1416.21006683847,-521.64547308254,31.4739598563198,-15.3170353958103,19.6251141070173,12.269210667233,1518.12680994338,-586.13665351912,14.0092063208433,-17.2036648383482,41.9927535393054,-38.3069871686958,0,0
485,3,1606.33967289519,-559.17642404207,32.3127344639559,-14.3038375628066,26.2312065661972,-21.9880974369168,1672.70874581786,-526.126236600685,19.1011367540724,-19.2264303067986,50.2081151794059,46.381022062114,1416.10795326917,-521.743164865294,31.5557545941014,-15.1003671375975,21.1943876390654,14.8721545078288,1518.01211884446,-586.224811110851,13.7538264063853,-16.1125931783886,38.2795809897262,-34.7233446231314,0,0
486,3,1606.2443139781,-559.280762165547,32.1661471477098,-12.2299245510249,23.9470900864796,-20.5886393209024,1672.58056961581,-526.350038753908,19.4103435678199,-18.1274725511116,45.2353573817337,41.4443276741446,1416.00728415492,-521.843394794694,31.6549022908202,-14.3800535792252,22.4710983831646,17.2674352931892,1517.9047015566,-586.304872528285,13.5223374422311,-14.6591693221126,33.7060095076804,-30.3513398669231,0,0
487,3,1606.16278114776,-559.365108284787,32.0288895522371,-10.0664786499806,20.8834527092047,-18.2971201189442,1672.45971979881,-526.541358503865,19.6866390856475,-16.9378182290416,40.6752220659105,36.9808599650019,1415.91141713106,-521.942454012882,31.7700185261081,-13.200174903227,23.4626944931382,19.3972527797767,1517.80697376112,-586.376229031369,13.3199951764516,-12.898069320795,28.5198442569665,-25.436613851643,0,0
488,3,1606.09567129009,-559.430771809952,31.9069087514442,-7.8490549687217,17.3120354758388,-15.4304539276939,1672.34680101061,-526.700992470487,19.9331781520808,-15.6233174695103,36.315768183154,32.7833337227847,1415.82341596504,-522.036372701979,31.89933354464,-11.6156159326124,24.1902566487074,21.2190005239732,1517.72098663231,-586.438108369513,13.150417750774,-10.889559033069,22.9654078459312,-20.2194822286641,0,0
489,3,1606.04334425697,-559.478977914118,31.8040390585929,-5.6114474822607,13.5089531792372,-12.2883470472091,1672.24264556082,-526.830057725782,20.1517337102327,-14.1560480868407,31.9502189361769,28.6430234548082,1415.74597852548,-522.121141997511,32.0407935481331,-9.68914991133261,24.6852770908537,22.7042568486166,1517.64838957209,-586.489636983183,13.0156212025829,-8.697137225397,17.2733344427272,-14.9240707199115,0,0
490,3,1606.00593460709,-559.510841995664,31.7221167449448,-3.38624355111961,9.74552747487895,-9.13830730365977,1672.1482719069,-526.929858418466,20.3426871999315,-12.5177507923809,27.3959155285954,24.3688756972862,1415.68138419274,-522.192920041575,32.1921552604573,-7.48882641058799,24.9864804489444,23.8378204586233,1517.59040865726,-586.52991091471,12.9161273977835,-6.38546136082141,11.6548611521784,-9.74995752226713,0,0
491,3,1605.98335965008,-559.527365313334,31.6611946962537,-1.20493218843194,6.32086119861248,-6.20495162861125,1672.06482023495,-527.001780637607,20.5051463712467,-10.7019303688389,22.5087877063752,19.8018739111022,1415.63145868334,-522.248212905531,32.3510740635147,-5.08564072833906,25.1367836217543,24.616948414236,1517.54783891485,-586.558068485266,12.8511276809684,-4.01854905014716,6.3110462088111,-4.86626836305915,0,0
492,3,1605.97532676882,-559.529446529853,31.619828352063,0.902440682216365,3.77301155719484,-3.66349792217857,1671.9934740325,-527.047213671281,20.6371588639874,-8.71459016885865,17.1963097902137,14.8246075357775,1415.59755441182,-522.284023152292,32.515187052943,-2.55143603492343,25.1804702866464,25.0508733982745,1517.52104858785,-586.573358225241,12.8186858918813,-1.65821969628723,1.70768656181866,-0.40804513507835,0,0
493,3,1605.98134304004,-559.517903513996,31.5954050325818,2.90801398101621,3.337169597779,-1.63711808082212,1671.9353767647,-527.067494428743,20.7359895808926,-6.57368411733614,11.442968610451,9.36633374086409,1415.58054483825,-522.29796108706,32.6821928755981,0.0430190601946379,25.1606338332256,25.1605970567098,1517.50999378988,-586.575196500144,12.8159655909808,0.637275245446745,3.58251192427554,3.52537543378251,0,0
494,3,1606.00072979991,-559.493499896073,31.584490912043,4.7871425067342,4.79122206696172,-0.19767527705703,1671.89155220392,-527.063871013683,20.7984318058317,-4.30747003981651,5.49017380547762,3.40407260064115,1415.58083163198,-522.288316143566,32.8499301893095,2.62982766356572,25.1169402941563,24.9788850071447,1517.51424229151,-586.563210641225,12.8394680938727,2.81448810052325,7.42442795648048,6.87028290632794,0,0
495,3,1606.03264408329,-559.456971464659,31.5831730768626,6.51957334538338,6.55001216213777,0.630731890995939,1671.86283573699,-527.037481212736,20.8211256231693,-1.95202409488502,3.61238592417618,-3.03956148122957,1415.59836381641,-522.254088243146,33.0164560893572,5.14566682682016,25.0837951694828,24.5503338676265,1517.53300554552,-586.537265024794,12.8852699799149,4.82592240316535,10.7421859685078,9.59713667406232,0,0
496,3,1606.07610790559,-559.409048424593,31.5873779561359,8.09060564039328,8.13682607782904,0.866047915807933,1671.84982224302,-526.989341912607,20.8008618799611,0.451775605597504,9.91131594994897,-9.90101422390151,1415.63266826192,-522.194981217165,33.180124981808,7.5333971240866,25.0890695889501,23.9313464019471,1517.56517836154,-586.497469284495,12.9492508910753,6.63111781990438,13.4554796929382,11.7080404092921,0,0
497,3,1606.13004527653,-559.350470686255,31.593151608908,9.49207216971217,9.50863592560415,0.561001863335164,1671.85283408039,-526.920346070288,20.7348551184684,2.86146887086716,17.3201632858799,-17.0821559573316,1415.68289090941,-522.111362376998,33.3396672911543,9.74355078403732,25.1536374263265,23.1898403162674,1517.60938581367,-586.444169522212,13.0273044938039,8.19767165821759,15.5668010773817,13.2334226550363,0,0
498,3,1606.19332575766,-559.281994600397,31.5968916213302,10.7229988281233,10.7249595725205,-0.205070632379289,1671.87191053953,-526.831264708295,20.6209740787529,5.23611840357034,25.0118631877472,-24.4576442893909,1415.74784791464,-522.004193943828,33.4942662265961,11.7356414003211,25.2920584785366,22.4045295198266,1517.66403695806,-586.377924854916,13.1155273115042,9.50216620590254,17.1093992453565,14.2281544809019,0,0
499,3,1606.26481241651,-559.204390776952,31.595524483781,11.7898300613547,11.8651449830635,-1.33475563062841,1671.90681799556,-526.722752359587,20.4579231168236,7.53901556320216,32.7618999593859,-31.882680773213,1415.82608552398,-521.874943231827,33.6436297567283,13.4792188132792,25.5147629878895,21.6636513660998,1517.72738473276,-586.299472772652,13.2103816747102,10.530943073195,18.1376279565883,14.7672876954687,0,0
500,3,1606.34341128359,-559.118433731405,31.5866261129102,12.7061505667712,12.9942201933779,-2.72093664177078,1671.95707809931,-526.595355318848,20.2453719116688,9.73975726051322,40.3925354985272,-39.2006894391676,1415.91594698273,-521.725479164801,33.788054099169,14.9545870501697,25.8320029272575,21.0630648622828,1517.79759101992,-586.20968750163,13.3088302593466,11.2806442969031,18.721724207144,14.9415535181289,0,0
501,3,1606.42811895403,-559.024885011405,31.5684865352984,13.4918815265678,14.1468170214629,-4.25459336621152,1672.02200981438,-526.449522855192,19.9840339820744,11.8155338125803,47.7359745596327,-46.2505830004517,1416.01564422973,-521.557962886881,33.9284745315842,16.153114250335,26.2595996938593,20.7037068202137,1517.87279531523,-586.10953582582,13.4084406161342,11.7584295708184,18.9437107938039,14.8527274487679,0,0
502,3,1606.51806483088,-558.924472115542,31.5401225795236,14.1719784695965,15.3249309491663,-5.83168370661582,1672.1007800398,-526.285622115002,19.6756967620714,13.7515456317146,54.6324311993414,-52.8734104393658,1416.12333165807,-521.374739927782,34.0664992437189,17.0770911641398,26.8260946958947,20.68845847338,1517.9511848457,-586.000034628546,13.5074587991259,11.9817828039686,18.8940306581634,14.6089450457636,0,0
503,3,1606.61254468734,-558.817865896722,31.5012446881462,14.7747030244659,16.5058965129879,-7.3588565848441,1672.19245701068,-526.103957729096,19.3232073591423,15.5405468589038,60.9333483980567,-58.918285364776,1416.2371789325,-521.178240659534,34.2044223002081,17.7391352349559,27.5802383081574,21.1185375026467,1518.03106339773,-585.882213825392,13.6048517660977,11.9778407817762,18.669022875532,14.32004697386,0,0
504,3,1606.7110427075,-558.705659239099,31.4521856442472,15.3295785628188,17.6549017484799,-8.75782945910935,1672.2960606564,-525.904797105173,18.9304187900438,17.1815904308005,66.5053182397722,-64.2475704166438,1416.35543983406,-520.970894713218,34.3452125502258,18.1611832457293,28.5968231837047,22.0895839552291,1518.11091566961,-585.75708746278,13.7003187459234,11.7822114049886,18.3693837840413,14.093039239765,0,0
505,3,1606.81323989792,-558.588349626632,31.3938001145198,15.8651673939175,18.7369016100438,-9.96834718032211,1672.41060459261,-525.688402039483,18.5021016539328,18.6781162211219,71.2337234303127,-68.7413363863152,1416.47651438903,-520.755063701412,34.4924764432606,18.3731580856033,29.9779525974361,23.6876487624997,1518.18946374564,-585.625634670959,13.7942723408552,11.4372959144475,18.099451710409,14.0277729658983,0,0
506,3,1606.91900768055,-558.46632781792,31.327344466651,16.4068234193451,19.7251141160548,-10.9497156208649,1672.53512536742,-525.455066661033,18.043826078024,20.0355774982881,75.0258449871327,-72.3011275869426,1416.5990021096,-520.532995106553,34.6503941016773,18.4114258808677,31.8467788311783,25.9853173726107,1518.26571238507,-585.488791016796,13.8877908272945,10.9901835771325,17.9664331086913,14.2129723699868,0,0
507,3,1607.02838650335,-558.339874255136,31.2543463625119,16.9745788699856,20.6053741617053,-11.6809724137381,1672.66869588407,-525.20516090037,17.5618185607777,21.2588379515523,77.8133521088659,-74.8530532133992,1416.72174494881,-520.306798635274,34.823629550828,18.3171725078978,34.3327286242021,29.0382066612079,1518.33898027559,-585.347449728845,13.9825439764278,10.4902416254617,18.0777468615033,14.7227634032481,0,0
508,3,1607.14155036248,-558.209164122511,31.176473213087,17.5813177509553,21.3767133579365,-12.1598166156947,1672.81042147041,-524.939177752805,17.0627982060217,22.3495903070443,79.554111769057,-76.3501965450704,1416.8438594322,-520.078444785555,35.0172175952361,18.1348209257862,37.5513198953204,32.8820603957592,1518.40891521976,-585.202471374816,14.0806957324494,9.98656990105928,18.5344157592928,15.6138716899294,0,0
509,3,1607.25875914749,-558.07428119408,31.0954077689824,18.2313733527167,22.0489133603131,-12.4004679768325,1672.95941873913,-524.657781701022,16.5537968957213,23.3040477693748,80.2332333790776,-76.7742997104124,1416.96475823837,-519.84978390253,35.2364313312078,17.9105841422938,41.585307844203,37.5306382063901,1518.47549235243,-585.054699939293,14.1847882103823,9.52552088111815,19.4202426711512,16.923660282273,0,0
510,3,1607.3803016365,-557.935239833279,31.0127379824701,18.9196644028812,22.6379129964256,-12.4306638485677,1673.11477905759,-524.361854899973,16.0419682309852,24.1111420976495,79.8632381614743,-76.1366510714999,1417.08416213265,-519.622582678829,35.4866355859171,17.6912074911684,46.473547162881,42.9745478557361,1518.53899582497,-584.904982917621,14.2976126122641,9.14849517790799,20.7902020048239,18.6691600073805,0,0
511,3,1607.50643273252,-557.79201378764,30.9298668901464,19.631455937872,23.1600878141727,-12.2880269091331,1673.27552000491,-524.05253722748,15.5343905571752,24.7514289100877,78.4832349084832,-74.4780835454903,1417.20210351593,-519.398573947493,35.773132571622,17.522905041551,52.2095224001955,49.1811145477744,1518.59998579282,-584.754193008006,14.42207367898,8.89020646206973,22.6636653638394,20.8472050113647,0,0
512,3,1607.63730910544,-557.644569815098,30.8479467107521,20.3427984626728,23.6265718127213,-12.016049530888,1673.44052953098,-523.731256166154,15.0378700002053,25.1968543307271,76.15700683078,-71.8679916322948,1417.31892288287,-519.179514770711,36.1010066686072,17.4504463413996,58.7469394194825,56.0953189993807,1518.6592538359,-584.603249206474,14.5610550457224,8.7775678259959,25.0255639724245,23.4357239102605,0,0
513,3,1607.77292776186,-557.49290373291,30.7678397138795,21.0216639001374,24.0388140378296,-11.6599411325709,1673.60850855985,-523.399742769989,14.55875005599,25.4114803194739,72.969976176111,-68.4022959491507,1417.43525919181,-518.967247282921,36.4749754619364,17.5163093467063,66.0083056406302,63.6417733915181,1518.71777095474,-584.453135515316,14.7172932051241,8.82928750294241,27.8336739700878,26.3961567062997,0,0
514,3,1607.91307218786,-557.337076235898,30.6901067729957,21.629760402152,24.3863100908815,-11.2625745189156,1673.77791842864,-523.060030698901,14.1027347496623,25.3532023178195,69.0251172413805,-64.200326653515,1417.55203458746,-518.763756523056,36.8992539512132,17.7597903616743,73.8936086580828,71.7276463215075,1518.77663287143,-584.30491597348,14.8932675831661,9.05618276790392,31.0279141011168,29.6768766405867,0,0
515,3,1608.05727059054,-557.17724581472,30.6150229428696,22.1249713249676,24.6469106729133,-10.8607481136396,1673.94693977743,-522.71443644035,13.6747325719722,24.9764258095183,64.4380320952054,-59.4006576906716,1417.67043318987,-518.57121959041,37.3774382600232,18.2159573197055,82.2879434959859,80.2463989455305,1518.83700742322,-584.159745211342,15.0911134274367,9.46213664625475,34.538789496079,33.2174043227652,0,0
516,3,1608.20477039937,-557.013696326788,30.5426179554454,22.4643274810205,24.7894615837398,-10.4819557543989,1674.11344928283,-522.365520290437,13.2787281873677,24.2356016904296,59.3315789317719,-54.1559956905966,1417.79187290533,-518.392040866639,37.9124142529934,18.9143515416731,91.0680160560127,89.0821578888623,1518.90008833419,-584.018874138417,15.3125627895885,10.0455439336884,38.2942036342027,36.9531200178567,0,0
517,3,1608.35453258258,-556.846857220394,30.472738250416,22.6073871007316,24.778026682203,-10.1418269922949,1674.27501996076,-522.016029305236,12.9176882160971,23.0894572504781,53.8306374638623,-48.6273019367117,1417.91796858228,-518.228868731942,38.5062953055858,19.8773852284489,100.107797166056,98.1145280267917,1518.96705862708,-583.883650631425,15.5589169230409,10.8010318517245,42.2249271574795,40.8201198478457,0,0
518,3,1608.50524849659,-556.677315051466,30.4051260704674,22.5198657475289,24.576749521435,-9.84237084002775,1674.42894967576,-521.668825093358,12.5935062031857,21.5057027681155,48.0577948488615,-42.9773939901517,1418.0504844838,-518.0845901243,39.1603921590978,21.1184445878871,109.283565684859,107.223640243117,1519.03906550609,-583.755515176474,15.8310510553598,11.7212053545245,46.2690956671479,44.7598319801666,0,0
519,3,1608.6553809349,-556.505815704884,30.3395102648672,22.1773298388143,24.1545112237324,-9.57112604022381,1674.57232102755,-521.326800826143,12.3069902432513,19.4659451220673,42.130938295762,-37.3643271341258,1418.19127411439,-517.962300397678,39.8752164273852,22.6397862615386,118.478443398906,116.295234761617,1519.11720687512,-583.635991344796,16.1294499352276,12.79816335757,50.3758396458259,48.7230154515801,0,0
520,3,1608.8032298005,-556.333257562347,30.2757027579324,21.5687437090992,23.4888213741857,-9.30129154255468,1674.70209399503,-520.992793020213,12.0578947290238,16.970500763216,36.1640018154636,-31.9348889328668,1418.3422060228,-517.86524717711,40.6505179924627,24.4303999345675,127.586420594042,125.225597539149,1519.20252796417,-583.526670792612,16.4542700382381,14.0245616199422,54.5079178537268,52.6728087357895,0,0
521,3,1608.94702142522,-556.16067665915,30.2136941476487,20.6996428106891,22.5687200973593,-8.99288131484219,1674.81523066679,-520.669494349782,11.8449954694714,14.0427719331228,30.2726620181077,-26.8185499626076,1418.50507535569,-517.796748235609,41.4853553093903,26.4640933727492,136.515835392578,133.926192639423,1519.29602504164,-583.429192242845,16.8054220964767,15.3940580765493,58.6431364956542,56.586574679722,0,0
522,3,1609.08501904396,-555.989225552212,30.1537416055498,19.5946963672782,21.3968388682097,-8.5949163943754,1674.90884914634,-520.359373865343,11.6662051363873,10.7328334440012,24.5883194402317,-22.1222001428023,1418.68150264484,-517.760084783488,42.3781965936531,28.6981274802542,145.192298104415,142.327864130565,1519.39865209548,-583.345213712005,17.1826659276749,16.9010607132691,62.7743713297497,60.4563962092655,0,0
523,3,1609.21565035308,-555.820148098325,30.0964421629206,18.2994234060743,19.9912325584404,-8.04863231927424,1674.9804013693,-520.064610479606,11.518723802102,7.11987445951081,19.2881529441684,-17.9259652927935,1418.87282349471,-517.758372923455,43.3270490211902,31.0727782898539,153.561125970966,150.384513360986,1519.51132583357,-583.276377169974,17.58570856907,18.5397974601415,66.9081250497732,64.2882034887663,0,0
524,3,1609.33764650912,-555.654752549019,30.0427846141254,16.8808384515501,18.3883310613881,-7.291639897573,1675.02786719903,-519.787044447706,11.3992173668167,3.31315284223592,14.659647659608,-14.2803462054614,1419.07997534998,-517.794417348086,44.3296124435968,33.5122211724638,161.589449581025,158.076188111893,1519.63492448331,-583.224264930271,18.0142965923284,20.3028313095615,71.0617113250594,68.0996465281691,0,0
525,3,1609.45018543213,-555.494385266853,29.9941736814749,15.42682904294,16.6496651432455,-6.26293022970152,1675.04995488465,-519.528149904827,11.3040150587803,-0.548848690664272,11.2182911922907,-11.2048570892173,1419.30339015779,-517.870552605772,45.3834536976761,35.9271131035939,169.268240017014,165.411546218815,1519.77027669204,-583.190347408548,18.4682942358496,22.1792407925818,75.2593330502667,71.9169555044958,0,0
526,3,1609.55303095908,-555.340406950228,29.9524208132769,14.0441081436165,14.8771952280859,-4.90856030878568,1675.04629589338,-519.28902948459,11.2293160115188,-4.30132281417173,9.69470743785896,-8.68826647576855,1419.54290424515,-517.988478402621,46.4861973391349,38.2191874809905,176.614550238655,172.429675706635,1519.91813829732,-583.175922474182,18.9477406058795,24.1527655361438,79.5274929656771,75.7711426227814,0,0
527,3,1609.6466583467,-555.194172548662,29.919697077885,12.8546415774053,13.2440114358887,-3.18779372456763,1675.01762040795,-519.070429828143,11.1713942350137,-7.75827730565197,10.2446672790645,-6.69046641926707,1419.79769882836,-518.14909640171,47.6357285105124,40.2880720257599,183.674228491549,179.201265242221,1520.07915673423,-583.182047438535,19.4528815566981,26.2002698044626,83.8903163569969,79.69398371678,0,0
528,3,1609.73235595722,-555.057015122692,29.8984451197212,11.9905243584185,12.0390110298907,-1.0794036260835,1674.96589855924,-518.872774633728,11.1267911255519,-10.7199986799401,11.8911251510058,-5.14591932107047,1420.0662859752,-518.352356779331,48.8304036121272,42.0403965689616,190.525215786002,185.829122869982,1520.25382519959,-583.209465723954,19.9841747814766,28.2908968438505,88.3654528367732,83.7142664712449,0,0
529,3,1609.81229278628,-554.930232848651,29.8912490955473,11.5873697978031,11.6731108664672,1.41222465273554,1674.89443190138,-518.696210014799,11.0924849967448,-12.9828022409015,13.5758099596313,-3.96855918863102,1420.34655528566,-518.597123340389,50.0692644312605,43.4010805003822,197.281274803207,192.448038699743,1520.44243117855,-583.258531356221,20.5422698912849,30.3862694085979,92.9612345245891,87.8547992756443,0,0
530,3,1609.88954191826,-554.815077309335,29.9006639265656,11.7763800325861,12.520359751552,4.25162105983024,1674.80787988644,-518.540655531775,11.0660279354872,-14.3508868602908,14.6730724698491,-3.05795716591604,1420.63589582233,-518.881066210051,51.3522513559254,44.3264891201238,204.095644235484,199.223980379323,1520.64500630794,-583.329135506909,21.1279685531225,32.4420361351713,97.6756883901112,92.1306376504924,0,0
531,3,1609.96805111848,-554.712740282092,29.9290080669645,12.6753831784072,14.6612050506079,7.36787586869667,1674.71220730737,-518.405853497216,11.0456415543811,-14.6499489790017,14.8304061308604,-2.30649971144761,1420.93140574979,-519.200590926705,52.6804112251209,44.8189366509496,211.163758901998,206.352601125112,1520.86128654884,-583.42064024766,21.7421728041258,34.410971952093,102.497834185784,96.5489048207628,0,0
532,3,1610.052553673,-554.624335574164,29.9781272394224,14.3792460647091,17.8948685468804,10.6519295397911,1674.61454098084,-518.291409133914,11.0302648896381,-13.7420315113559,13.8357055948962,-1.60727074556304,1421.2301986608,-519.55081208455,54.0560952326216,44.9418058826495,218.723977872221,214.057031139493,1521.09069302852,-583.531825326259,22.3858321695976,36.2477193768996,107.411466079766,101.110463777881,0,0
533,3,1610.14841531343,-554.550872190144,30.049140103021,16.9501959869535,21.9563289888462,13.9560466705408,1674.52292743743,-518.196814940364,11.0195497513344,-11.5408969263171,11.5730644449585,-0.862275352359099,1421.52981070002,-519.925578449386,55.4831421068849,44.8343662911157,227.055423683679,222.584916432918,1521.33234449104,-583.660854006453,23.0599019281168,37.9151153851126,112.401347176054,105.813547678572,0,0
534,3,1610.26141662001,-554.493215355201,30.142180414158,20.4087016219205,26.6230706466023,17.0959875047158,1674.44598812459,-518.121454177775,11.0138012489853,-8.0270305514432,8.02703606433695,0.00940767577359836,1421.82870647529,-520.31755466484,56.9670415497711,44.7252205527207,236.472730338621,232.204665845268,1521.58511192694,-583.805263731685,23.7653255793073,39.391897051496,117.461477293429,110.65928381586,0,0
535,3,1610.39747463082,-554.452032731248,30.2561536641894,24.7256619060181,31.7116966700359,19.8563176093064,1674.39247458758,-518.064580662364,11.0138639668238,-3.26121426722921,3.43039624577692,1.06400183564741,1422.12687461231,-520.718362288805,58.5150726554062,44.9432098992133,247.318730404961,243.200868199677,1521.84772457395,-583.961986526155,24.5030541380797,40.6814313768336,122.604861380144,115.658865527794,0,0
536,3,1610.56231237686,-554.427724573901,30.3885291149181,29.8167206967378,37.0540185981887,21.9991695563184,1674.37073315913,-518.025274886236,11.0209573123948,2.60452074184059,3.49224885782256,2.32642940797376,1422.42649601164,-521.118780015596,60.1364117767374,45.9245767028506,259.957561332639,255.868847163301,1522.11893411646,-584.127402642416,25.2741132415983,41.8209840181817,127.874044825925,120.841948990794,0,0
537,3,1610.76109051484,-554.420338548355,30.5351902452936,35.5395524821574,42.4836355510873,23.2765869277603,1674.38809663075,-518.002379697735,11.0364668417813,9.31983203718119,10.0591898187327,3.78523851402095,1422.73265985632,-521.508999671452,61.8422040911594,48.2152305945192,274.771661092169,270.50833125445,1522.39774067658,-584.297429074181,26.0797262348703,42.890940589507,133.351630664235,126.265690574114,0,0
538,3,1610.99802086472,-554.429472348272,30.6903674914786,41.694939098511,47.8351226540324,23.4463432734783,1674.45022884433,-517.994422093186,11.0617017652081,16.5341716375792,17.3904066364855,5.38956503267105,1423.05409472695,-521.878931098076,63.645592966189,52.467101168611,292.165853678055,287.416230144349,1522.68368028051,-584.467642306791,26.9214975053643,44.0233333244805,139.170087122007,132.023707236802,0,0
539,3,1611.27598712538,-554.454169971825,30.8466764466352,48.0323701264183,52.9527183518014,22.2908456744907,1674.56045665524,-517.999530814807,11.0976321987592,23.8012551146312,24.8230227560017,7.04859657756209,1423.40387540141,-522.218545585813,65.5617011671514,59.4277898144924,312.579736713637,306.878525807414,1522.97716916934,-584.633432254752,27.8016555536097,45.4090125592643,145.520403462712,138.254147866684,0,0
540,3,1611.59620292622,-554.492820269143,30.9952820844651,54.2607439963035,57.7052498835726,19.6384196180134,1674.71913168934,-518.015362106205,11.1446228426097,30.5909076441026,31.7859779300275,8.63393088217528,1423.80006066684,-522.518244338954,67.6075580058674,69.9230532549905,336.506166951673,329.161308509988,1523.27989591974,-584.790181943705,28.7233498727209,47.3028400785438,152.659505730486,145.146016171233,0,0
541,3,1611.95794121953,-554.543068900642,31.1262048819185,60.0645200144413,62.0038226629413,15.3859500926091,1674.92307107364,-518.039047845305,11.2021823818242,36.3090100484669,37.6569583656593,9.9851040381826,1424.26621435521,-522.76923581303,69.8019667292674,84.8320528428985,364.509871081285,354.501013998768,1523.59524818693,-584.933465347488,29.6909899805291,50.0263687871552,160.916642549718,152.942892203087,0,0
542,3,1612.35837135296,-554.601756818987,31.2287778825359,65.1253748312001,65.8177357434765,9.52154879700746,1675.16513114063,-518.067181083498,11.2687497420787,40.3258686533263,41.7778317652623,10.9184039292027,1424.83176137416,-522.96390390436,72.1653068225925,105.055769980811,397.237573819481,383.093950941185,1523.92875731217,-585.059254086005,30.7106092618831,53.967604800016,170.698925212155,161.943263832536,0,0
543,3,1612.7925405185,-554.664899483912,31.292254874516,69.1490563397906,69.1823376237944,2.14565757033558,1675.43397026498,-518.095853551107,11.3415391016067,42.0128329648605,43.4901211906839,11.2388837278041,1425.53213317403,-523.096148101502,74.7192664955337,131.479495012911,435.410864530465,415.085248283189,1524.28854134417,-585.164122583211,31.7902310207666,59.5776141171996,182.495586433461,172.496802763978,0,0
544,3,1613.25353422744,-554.727720938058,31.3065592583182,71.8967150726826,72.1909495383225,-6.51118706551443,1675.71405581808,-518.120757800078,11.4164649931254,40.7864020125203,42.1806369949709,10.7552567693471,1426.40866314079,-523.161676970476,77.4865014840883,164.930813298179,479.795941847184,450.557402156293,1524.68572543829,-585.245440876997,32.9402097058598,67.3639234599591,196.879291363326,184.996100455675,0,0
545,3,1613.73284566125,-554.784755372335,31.2631513445481,73.2195454628481,74.9635426498072,-16.0757857917854,1675.98596516483,-518.137363295372,11.4881667049211,36.1584203655525,37.3345338511603,9.29709925468343,1427.50820189611,-523.158237804705,80.4902174984636,206.13500069087,531.149846116842,489.518662075431,1525.13481826135,-585.301544597609,34.173517042231,77.8808583529212,214.501496203983,199.863612936321,0,0
546,3,1614.22097596434,-554.830025747626,31.1559794392695,73.095111285761,77.5904974394874,-26.026717023653,1676.2270213006,-518.141170995472,11.550147366619,27.7903040511092,28.5944292375337,6.73352687432285,1428.88243523405,-523.085767900628,83.7536752456331,255.670160205932,590.149022602939,531.891566072895,1525.65402398371,-585.331872654397,35.5059411284731,91.7171452592925,236.078392191369,217.533842252528,0,0
547,3,1614.70827670624,-554.857304404809,30.9824679924452,71.663292616347,80.062052764868,-35.6974058484413,1676.41228999427,-518.128044956122,11.5950375457811,15.5485986742974,15.8339056602027,2.99226464769324,1430.58690296875,-522.946456602288,87.2996190194524,313.924740074924,657.310669691387,577.502012168816,1526.26547161877,-585.337064796373,36.95616674349,109.481263478744,262.365268573951,238.431095079855,0,0
548,3,1615.18603199035,-554.860454534187,30.7444852867889,69.2594135773447,82.2094270659124,-44.2890904109341,1676.51594731877,-518.094612548075,11.6149859767657,-0.441392892309977,1.97221037723794,-1.92218263614654,1432.67973456925,-522.74471178781,91.1496324339112,381.060231113361,732.918626013602,626.069335314786,1526.99534670863,-585.3190132973,38.5457073773557,131.785153839826,294.120054516183,262.94349145019,0,0
549,3,1615.6477614142,-554.833844206775,30.4492246840494,66.4418335811774,83.694455345594,-50.8944457280631,1676.51300469949,-518.038717414811,11.6021714258581,-19.7476137155491,21.2739082363983,-7.91270650233891,1435.22013611001,-522.487029570343,95.3234280026765,456.981815402571,816.963541305495,677.197938725293,1527.87391440089,-585.280865388303,40.2986639870236,159.226965623077,332.059970927585,291.394230744015,0,0
550,3,1616.09070697141,-554.772816878561,30.1099283791956,64.0111540450448,84.0902118142507,-54.5319711800985,1676.38135394138,-517.959901830642,11.5494200491758,-41.5928432289434,44.1400411192765,-14.7776392615317,1438.26668154602,-522.181771327351,99.8380809275117,541.31950676923,909.103266861986,730.371098422064,1528.93542750505,-585.226975538328,42.2412921919837,192.373545597513,376.816921543594,324.011437013931,0,0
551,3,1616.51744799838,-554.674194492219,29.7463819046616,63.0182497379792,83.1138243213949,-54.1904788066075,1676.10406831986,-517.85988825581,11.4509024540989,-64.8298534262722,68.526890713899,-22.2041630250438,1441.87547825782,-521.838857402749,104.707221583659,633.421879381899,1008.64564056876,784.947610327383,1530.21791780903,-585.162809092717,44.4013684387433,231.743343331834,428.89680793848,360.898177719424,0,0
