ID,class,RTOE_X,RTOE_Y,RTOE_Z,V_RTOE_X,V_RTOE_Y,V_RTOE_Z,RHLX_X,RHLX_Y,RHLX_Z,V_RHLX_X,V_RHLX_Y,V_RHLX_Z,RHEE_X,RHEE_Y,RHEE_Z,V_RHEE_X,V_RHEE_Y,V_RHEE_Z,RPMT5_X,RPMT5_Y,RPMT5_Z,V_RPMT5_X,V_RPMT5_Y,V_RPMT5_Z,FS,FO
68,1,-1541.47427175232,253.52559506098,33.3899519651772,18.3287089061878,18.5812815796821,3.05326955502885,-1476.2956438338,250.3815865402,24.3765318334264,12.8712284561175,15.8791319657284,-9.29937148496869,-1730.20308620837,323.595673440471,47.9912384378667,97.1831621927208,223.685863141108,201.471582004524,-1636.89358268075,247.815839242805,26.7701126217357,33.670604047893,61.6451791624085,51.6373753885251,0,0
69,1,-1541.35208035961,253.706024017052,33.4103070955441,22.6994451300698,23.3640564373295,5.53302123560648,-1476.20983564409,250.231132050951,24.3145360235266,18.3792322026761,20.8493950178383,-9.84383544407219,-1729.55519846042,324.335886679128,49.3343823178968,102.975570983324,236.570618289848,212.982837850141,-1636.6691119871,248.38798070065,27.1143617909925,36.2540005068581,68.4824371085637,58.0989813987914,0,0
70,1,-1541.20075072541,253.892956737294,33.4471939037814,27.6600976295413,28.7358309726923,7.78890113015862,-1476.08730742941,250.048561459658,24.2489104538994,24.7478214689067,26.8042328712407,-10.2962241797087,-1728.86869465386,325.165785947014,50.7542679035644,108.188066159335,250.142438444674,225.536209624422,-1636.42741865039,249.005561391754,27.5016883336511,38.7479903956887,75.7719471591903,65.1151381522817,0,0
71,1,-1541.01635007455,254.082212715222,33.4991199113158,33.120945124972,34.4992977752834,9.6542498940245,-1475.92232195295,249.83229120997,24.180268959368,31.7844369221575,33.5168375884718,-10.6361633812849,-1728.14744087947,326.078649719585,52.2578426343939,112.853281852506,264.774797442498,239.519999448552,-1636.16909871442,249.663295295609,27.9357892546663,41.182759887613,83.6110461375871,72.7652892817787,0,0
72,1,-1540.79554377372,254.269654017358,33.563481577276,38.9441580506855,40.4583338294907,10.9649135875181,-1475.7104257068,249.582417069142,24.1093612034928,39.2114324605473,40.6875913203044,-10.860186547203,-1727.39508566712,327.063442461303,53.8546426307176,117.109100469804,280.955276765947,255.384663066879,-1635.89454698183,250.354176005971,28.4208911832115,43.6155376036709,92.1448282990217,81.1686778369523,0,0
73,1,-1540.53591605338,254.451498751357,33.6365810011928,44.9420366016284,46.4078434083715,11.5715718860415,-1475.44901615706,249.300912443251,24.0369599598448,46.6648008308766,47.9399736143013,-10.9835073430357,-1726.61435833065,328.104944256649,55.5572070511635,121.213000309956,299.275269390687,273.629485663967,-1635.60377673114,251.069658649104,28.9620157021245,46.1328654759427,101.570324746349,90.4891683686911,0,0
74,1,-1540.23630247603,254.624638896725,33.7137248137664,50.878819559091,52.1301991629135,11.353562658412,-1475.13791748486,248.991751873097,23.9637365775579,53.698541306926,54.8217697114521,-11.0405206310139,-1725.80627166192,329.184100787026,57.3814036222566,125.551233519388,320.406950409768,294.783821863832,-1635.29622429463,251.799925717446,29.5652768245825,48.8525052060709,112.138367325695,100.937833152705,0,0
75,1,-1539.89711034564,254.786939872873,33.7894152314891,56.4768897184308,57.3965636044762,10.2335937644057,-1474.77992720948,248.660946048068,23.8901331066845,59.7957402233646,60.8143230412981,-11.0838322845149,-1724.96926343846,330.278590576928,59.3466291013488,130.641485419426,345.069305081865,319.383198676898,-1634.97054092659,252.534226666948,30.2381957122672,51.924996245782,124.152677646586,112.772701181149,0,0
76,1,-1539.52059774752,254.937498234474,33.8576391899185,61.4280679172793,61.9719725049645,8.19254832797434,-1474.38128894132,248.316477228227,23.8162408914544,64.3872129493388,65.350923007045,-11.1816790550083,-1724.09832020233,331.363594346174,61.4758504258614,137.12791902251,373.987915264007,347.940935487726,-1634.62437428495,253.261276184429,30.9900137201415,55.5348844954892,137.965896182215,126.295150791448,0,0
77,1,-1539.11107729474,255.076834465563,33.9122561787717,65.410458463532,65.6234913702435,5.28342154394039,-1473.95204085499,247.968127240983,23.741696364421,66.8782042802832,67.8451638587681,-11.4136782532102,-1723.18413407551,332.412739355586,63.7954566624463,145.767869319843,407.85474148488,380.916287950058,-1634.25414172165,253.969691809482,31.8319813920845,59.9016380178341,153.972446242862,141.842546384332,0,0
78,1,-1538.67500757164,255.207000032881,33.9474789890646,68.1109813491389,68.1308020547806,1.64329190497376,-1473.50618615979,247.627194212057,23.6656051760662,66.6831594823748,67.7304997059055,-11.8649412918833,-1722.21234828005,333.399180455697,66.3348985821133,157.409908035675,447.293190054006,418.68044941326,-1633.8547974682,254.648448393929,32.77759836798,65.2802547998135,172.59826541061,159.77687428418,0,0
79,1,-1538.22093436265,255.331581601438,33.9584342684311,69.2533068691773,69.2983390011489,-2.49785427951856,-1473.06163176324,247.306098867542,23.5865055674537,63.2679709090894,64.5140880752755,-12.6186931665298,-1721.16294889314,334.296769771534,69.1261015782017,172.963530078709,492.830638227093,461.482020492711,-1633.41959576953,255.287324938696,33.8427775298746,71.9615456873726,194.28751722354,180.469319528754,0,0
80,1,-1537.75924565019,255.455590476292,33.9417819065676,68.630412245966,68.9677139078382,-6.81264094328924,-1472.63984529051,247.017886530736,23.5023809463435,56.1984026925984,57.8554975340175,-13.7476590628825,-1720.00985869262,335.081259185981,72.2026483814865,193.361289137363,544.877022075296,509.413762131315,-1632.93985213162,255.877318827369,35.0459063267329,80.2720413836255,219.486453679908,204.280940670166,0,0
81,1,-1537.30170956855,255.585231711779,33.8963643002791,66.1404351041938,67.028893411835,-10.8772880923084,-1472.26518927256,246.775636707186,23.4107298859243,45.1926436430085,47.7137925605769,-15.3046058776372,-1718.7207834317,335.731474571865,75.5987401290286,219.514796218596,603.70596322647,562.382560430449,-1632.40470518906,256.411003457519,36.407779264534,90.5734254809431,248.624701854399,231.539838837373,0,0
82,1,-1536.86077333452,255.727554662056,33.8238490463303,61.8239443938478,63.4290530794457,-14.1790223267176,-1471.96390498161,246.59179821604,23.3086991800733,30.1751973972728,34.788893568845,-17.3125554953637,-1717.25735145691,336.230398535107,79.3479571985649,252.266550756815,669.435020375591,620.084537683796,-1631.80088235252,256.882807745021,37.9513781901165,103.261337630875,282.094448537947,262.515473918416,0,0
83,1,-1536.44861370523,255.889994716277,33.7293222308189,55.900235232059,58.1810316920846,-16.1305966955915,-1471.76273699896,246.477473932815,23.1932821434376,11.3286622336318,22.7730302543582,-19.755311158324,-1715.57557445186,336.566099609985,83.4818541164569,292.340055836416,742.003476961714,681.987134465771,-1631.11247343498,257.28919983944,39.7014813495726,118.763326513135,320.228296522709,297.391045879614,0,0
84,1,-1536.07594547035,256.079824186233,33.6217849195149,48.7998368861554,51.3846661151224,-16.0922289210426,-1471.68721258407,246.441685042719,23.0615800690488,-10.8605404587138,25.0462231778198,-22.5690486378536,-1713.62664074629,336.732450572178,88.0284350128953,340.291034053098,821.148471447838,747.319760413301,-1630.32071792489,257.628762444359,41.6840883221034,137.535668667442,363.276914657708,336.23512096065,0,0
85,1,-1535.75061322444,256.303538340527,33.5145033933747,41.1901615208308,43.3152486915482,-13.4007971068343,-1471.75961618713,246.490649891512,22.9111197447964,-35.5666840405888,43.8427149215607,-25.6358077315728,-1711.3580338526,336.729586789646,93.010566748984,396.462769407322,906.382257551612,815.074272246544,-1629.40381346711,257.902153104635,43.9256557951744,160.058716976812,411.387929953529,378.973925265561,0,0
86,1,-1535.47601214764,256.566209879394,33.4251647459958,33.991169740284,34.7885372904789,-7.40558616844353,-1471.99672741407,246.627116638489,22.7402143599192,-61.6036452873004,67.9947335781015,-28.7797616681145,-1708.71494872322,336.564067080753,98.4443952306276,460.948621795489,996.974471669687,884.016100094275,-1628.33675535393,258.111949349316,46.4521486302781,186.830414768963,464.587753753595,425.365933115321,0,0
87,1,-1535.24940434937,256.870851124387,33.3757941715395,28.3781303373757,28.4872242027244,2.49071502408427,-1472.40741838265,246.849791502683,22.5483492821318,-87.4219480554757,93.0147689379734,-31.7671251259897,-1705.64195791125,336.248713930599,104.337835897923,533.564573631384,1091.94345183447,952.706328188149,-1627.09121925547,258.262385257256,49.2879215177136,218.357622731503,522.768159206918,474.980522627651,0,0
88,1,-1535.06021681378,257.217827226164,33.3923989383667,25.769031066568,30.7549789811444,16.7876672000872,-1472.99023136968,247.152904975601,22.3365684479586,-111.126918313948,116.303053296215,-34.3104682577682,-1702.08486075371,335.802126447643,110.689211419177,613.834266567812,1190.06010102472,1019.5344708435,-1625.6355017706,258.358992407085,52.4544583352313,255.144970020149,585.679416571518,527.182533159978,0,0
89,1,-1534.88842327334,257.604365155527,33.5043167197006,27.7949566762231,45.3563401462788,35.841846699519,-1473.73107749178,247.525956506002,22.1078319929068,-130.51980705518,135.414340047279,-36.078019024316,-1697.99263230992,335.247877245904,117.486107891467,700.988380144622,1289.86678099231,1082.76110181779,-1623.93453530379,258.408163851365,55.9690085562978,297.681068247527,652.931636236182,581.124516093642,0,0
90,1,-1534.70312356217,258.024201613285,33.7432623643641,36.252765721008,69.9509249771068,59.8236481897462,-1474.60120953881,247.953673479492,21.867311866078,-143.162317861686,147.793588595547,-36.7082494055422,-1693.31937644229,334.613422486652,124.704515236919,793.97942062169,1389.71248999198,1140.56893016991,-1621.94999484881,258.416664322587,59.8431719969221,346.422120463478,724.005656248413,635.748302973184,0,0
91,1,-1534.46143845736,258.467407934141,34.142086685629,53.0406178286171,103.331189996129,88.679353213556,-1475.55562499122,248.416212595732,21.6225902033744,-146.463344245672,150.782211050396,-35.8296519885441,-1688.02618030481,333.928771493957,132.308308104718,891.512071154341,1487.80428538486,1191.12040474322,-1619.64051404572,258.391113016489,64.0814940167433,401.773209681755,798.274328522818,689.797210461579,0,0
92,1,-1534.1078343385,258.920421505226,34.7332823737194,80.0782514886123,146.018397031854,122.101785041329,-1476.53204728619,248.889620970335,21.3837258567841,-137.784996926405,141.701557826652,-33.0851343127183,-1682.08276649712,333.224977548042,140.249110803007,992.088262389961,1582.27367028737,1232.6195063006,-1616.96202598118,258.337466794394,68.6801420864872,464.067844372914,875.034392316298,741.839755981997,0,0
93,1,-1533.57397932858,259.366301448915,35.5472942739949,119.215289962108,199.139619462059,159.512703816167,-1477.45061393237,249.346560694296,21.1631582946993,-114.563322397692,117.973453729888,-28.1599173677886,-1675.46884474785,332.53252361361,148.466574178344,1094.06512515935,1671.25554345464,1263.37508026631,-1613.86824035202,258.260531420884,73.6257404597005,533.546642281556,953.548265517055,790.305178510594,0,0
94,1,-1532.77921072883,259.78521196741,36.6107122994361,172.132143395334,263.91918627298,200.059646338586,-1478.21436941502,249.757284695389,20.9754255122474,-74.4376286112129,77.2921043491899,-20.8112671758641,-1668.17507724679,331.879684994588,156.889074713453,1195.7230599044,1752.97636040641,1281.86289600587,-1610.31126273681,258.163526567739,78.8944416497711,610.336311980973,1033.09403482968,833.530366020415,0,0
95,1,-1531.63166310619,260.155120767829,37.9444432750266,240.239153775519,341.443656622252,242.629181346343,-1478.71062027243,250.090834380016,20.8366837310749,-15.3811816532425,18.8505820243149,-10.8978756464451,-1660.20359018076,331.290954578041,165.434827353492,1295.34037643549,1825.84740162729,1286.78360387639,-1606.24235399027,258.047726964946,84.4513107565739,694.430304192917,1113.02070681573,869.817018929339,0,0
96,1,-1530.03006874769,260.452683567695,39.5619711506689,324.58037363798,432.525604765298,285.877560900845,-1478.81316148345,250.316411769629,20.7640312267653,64.1746612401903,64.1944467143618,1.59368869916587,-1651.56798767119,330.785615088824,174.013384712668,1391.27039119869,1888.55850352132,1277.11390243648,-1601.61281862899,257.912197568543,90.2500908827695,785.672615947487,1192.80445201673,897.497075929031,0,0
97,1,-1527.8661995901,260.654270128854,41.4678215566746,425.748672562099,537.61393485499,328.278556658633,-1478.38533040852,250.4048619643,20.7746558180931,165.230973532562,166.05558528965,16.5282422347337,-1642.29285172986,330.376536597696,182.527477395578,1482.01657220518,1940.16726938384,1252.14851870597,-1596.37500118934,257.753635316322,96.2334047222963,883.74621336194,1272.10025501988,915.003655287822,0,0
98,1,-1525.02787510636,260.737073893088,43.6563452677321,543.818649235561,656.734618121413,368.186957105609,-1477.28379058497,250.330187164782,20.884844099658,288.134091736185,290.087686129862,33.6096834787368,-1632.4127412485,330.069266711463,190.875134186951,1566.30132869949,1980.17859907292,1211.53102805525,-1590.48335976692,257.566324352905,102.333429090882,988.16738052484,1350.78228773461,920.944090009933,0,0
99,1,-1521.40241744479,260.68023730596,46.1109249817695,678.303053479874,789.456936329562,403.914869692534,-1475.36289664006,250.071002580784,21.1089086561829,432.517378877549,435.677510393002,52.3794810125016,-1621.9707323905,329.861466030735,198.952007707319,1643.12436331045,2008.60927879619,1155.27207252742,-1583.89557723009,257.342205902147,108.473056357615,1098.28700674159,1428.96578158095,914.171130451983,0,0
100,1,-1516.88039708825,260.465919342455,48.8036907797197,828.137104689336,934.88396307615,433.816735792584,-1472.47944744754,249.611838686063,21.4581051962662,597.276943872305,601.628270262781,72.2276117419433,-1611.01656996843,329.742723456258,206.653821524169,1711.80712158485,2026.03224808771,1083.75414591258,-1576.57366385182,257.071058569215,114.567530560628,1213.29941292822,1507.0036249995,893.848119285193,0,1
101,1,-1511.35948305699,260.080231357624,51.6958023516703,991.693300504949,1091.6668144777,456.377948158651,-1468.49760115506,248.944194609893,21.9396226078792,780.584272540705,786.036027734808,92.416613004451,-1599.6045224912,329.694765828114,213.878849163586,1772.02074373068,2033.59490379155,997.722765358749,-1568.48500109896,256.740780015458,120.526518022529,1332.25882482853,1585.45281831562,859.503963208678,0,0
102,1,-1504.74819438696,259.513972619123,54.7383220060613,1166.82717182307,1258.04170872969,470.3012779048,-1463.29370600479,248.067254845717,22.5557333612422,979.936321689354,986.329398774214,112.11818906958,-1587.79105086633,329.692055396635,220.530334265977,1823.79597932261,2033.00538530692,898.264505863183,-1559.6032756001,256.33775683914,126.25654444392,1454.10306980839,1665.00957161247,811.074063162515,0,0
103,1,-1496.96934657481,258.763107778592,57.87366385876,1350.95214166953,1431.8878028597,474.58507234942,-1456.76079719352,246.988196348285,23.3031879550394,1192.24107311636,1199.35762573974,130.460484417328,-1575.63241100418,329.702748011368,226.518764305065,1867.51468390665,2026.48040884588,786.772999555264,-1549.90925513471,255.847306223605,131.663704865004,1577.68355286528,1746.41706961758,748.92402022506,0,0
104,1,-1487.96299896368,257.828944682998,61.0375643410894,1541.13940923938,1610.80255565186,468.587446037407,-1448.81252337275,245.722035337325,24.1729245178216,1413.9340596961,1421.51189248789,146.582861603272,-1563.18231311146,329.689965913119,231.763917635434,1903.8836842622,2016.64849704568,664.904562653002,-1539.39136478228,255.254170546711,136.656531666504,1701.80010248716,1830.35587642831,673.853875517763,0,0
105,1,-1477.68873623541,256.717991389102,64.1614806480055,1734.23684148204,1792.19029200964,452.071477113954,-1439.38629630811,244.290991870886,25.1501435951767,1641.11919429755,1648.87063652042,159.693976365502,-1550.48975521638,329.613322755753,236.196614719787,1933.89288431986,2006.40456617009,534.525579486326,-1528.0460307657,254.543044719122,141.148890836623,1825.2389089986,1917.33203205763,587.081805400111,0,0
106,1,-1466.1271572922,255.441494605534,67.1752904954318,1926.99942496323,1973.35890875502,425.227702477355,-1428.44550167946,242.723383847162,26.2147701042801,1869.72557110837,1877.35933964801,169.128291267535,-1537.59713598758,329.430625914024,239.760118583029,1958.76040381863,1998.71736838802,397.654119968863,-1515.87777137237,253.699115552706,145.06276953929,1946.81153935733,2007.58027272942,490.207488393952,0,0
107,1,-1453.28049445911,254.014686213061,70.0101418452809,2116.2230646793,2151.61936397185,388.671876957934,-1415.98066453874,241.052098131645,27.3422920460636,2095.6709352846,2102.91479742187,174.396032693492,-1524.53873329546,329.099672941613,242.411146049488,1979.86823184478,1996.40136084375,256.398475250097,-1502.89902777666,252.708592947418,148.330819461916,2065.39292427453,2100.99823920766,385.156681767801,0,0
108,1,-1439.17234069458,252.455787903569,72.6012876916671,2298.87348508546,2324.38274225313,343.417867990586,-1402.00952497017,239.312721974596,28.5049322640203,2315.02231919791,2321.64405031767,175.222024845563,-1511.33961174983,328.580055620025,244.120469217822,1998.69229596827,2001.87818184935,112.895354206985,-1489.12974161483,251.559214080222,150.898530673702,2179.95628414649,2197.12211177039,274.109783190251,0,0
109,1,-1423.84651746068,250.784844174661,74.8907401449377,2472.20266899371,2489.25022339423,290.827505729071,-1386.57604284219,237.541449445272,29.673079096324,2524.14491414108,2529.96911873666,171.56979389412,-1498.01499644337,327.83488645454,244.873104912536,2016.73097943139,2016.96538939942,-30.7496119790031,-1474.59669972052,250.240703981759,152.725929228303,2289.60318318085,2295.14637879364,159.418203658383,0,0
110,1,-1407.36516633405,249.022468952611,76.8295901831315,2633.84655174458,2644.0920887582,232.540997883965,-1369.74841008125,235.772901969996,30.8168777222848,2719.83148241185,2724.75029919097,163.648709810565,-1484.57012324716,326.832368489677,244.668107499342,2035.43597402952,2042.7338542693,-172.516651383044,-1459.33267849931,248.745178730365,153.788717252693,2393.58725493174,2393.98273633515,43.5131577696055,0,0
111,1,-1389.80618932242,247.188599456611,78.3798635023579,2781.89939407149,2787.11284337398,170.392966301077,-1351.6162001985,234.038016371796,31.9078691210219,2899.40633968043,2903.38282185048,151.903547152078,-1471.00055008697,325.547139419127,243.517996490122,2056.14896763705,2079.46415566485,-310.519882745113,-1443.3754301331,247.067480755932,154.078804971157,2491.33059236785,2492.34746013007,-71.1880716754337,0,0
112,1,-1371.26019336195,245.301351649716,79.5158166110318,2914.9621746135,2916.9004866966,106.320129154114,-1332.28682460063,232.362156040549,32.9205594353691,3060.79993657701,3063.86387195204,136.987496156121,-1457.29289030272,323.961334414548,241.447863938488,2080.04708236366,2126.70791026118,-443.04702991659,-1426.76655951732,245.20543917047,153.604217826654,2582.43229676805,2588.86395303112,-182.373243413738,0,0
113,1,-1351.82711219786,243.376064563763,80.2246174720592,3032.16425825716,3032.45883621354,42.2670590101617,-1311.88149169012,230.763590096337,33.8338094097432,3202.59212711669,3204.8290883291,119.721145711786,-1443.42590975363,322.065327989021,238.494217072377,2108.09926186515,2183.4323536565,-568.589786328924,-1409.55034420553,243.160051368891,152.388396203896,2666.66918302441,2682.16735831514,-287.918749509601,0,0
114,1,-1331.61268380948,241.424606489222,80.5063978654603,3133.1593258724,3133.22254545729,-19.9037197703603,-1290.53087750934,229.252462000258,34.6319503811551,3324.0241477826,3325.55947848138,101.041129623322,-1429.37191467453,319.858132536659,234.703618496851,2141.03501736654,2248.20836639657,-685.864354771275,-1391.77254965203,240.935585146251,150.468937873832,2743.98909767423,2771.00024418193,-385.961377732626,0,0
115,1,-1310.72495497033,239.454995693731,80.3737064003245,3218.09796388138,3219.05505623245,-78.4917187875621,-1268.37071652412,227.830334651341,35.3055579119773,3424.98101359345,3425.96111736353,81.9428716312924,-1415.09834789208,317.347448902189,230.131189465043,2179.32614145556,2319.39995795526,-793.822230811969,-1373.47928900087,238.539603090024,147.895862022281,2814.4976825258,2854.29137412812,-474.954780457141,0,0
116,1,-1289.27096854445,237.471363692313,79.8504282750741,3287.58034100439,3290.23021349793,-132.024085893889,-1245.53750976683,226.490356349418,35.8518437228526,3505.94739093551,3506.52099322232,63.4221404662419,-1400.56950694905,314.549381405875,224.839041259629,2223.18123892228,2395.32414009774,-891.651790240434,-1354.71597111737,235.982912935271,144.729496819233,2878.43968724153,2931.21268998694,-553.708227185906,0,0
117,1,-1267.35376627109,235.474262188494,78.9702677024482,3342.59303785107,3347.39869760733,-179.303720131056,-1222.16452716059,225.218044710991,36.2746579926275,3567.94100608071,3568.2429618444,46.419951312533,-1385.74829868957,311.4878452295,218.89469599136,2272.55224658056,2474.36611335503,-978.771653390778,-1335.52637320242,233.279448898743,141.038108637994,2936.17609073436,3001.2124070014,-621.406369567451,0,0
118,1,-1245.06981268541,233.461287835558,77.7749095682411,3384.43438400012,3391.54083910948,-219.438291428645,-1198.37825378672,223.992637781565,36.5841243347111,3612.42830591624,3612.56804817127,31.7747900561304,-1370.59795037903,308.193707136865,212.369551635421,2327.15154931911,2555.04862477023,-1054.81711279345,-1315.95186593086,230.446089781063,136.895399507544,2988.1583408426,3064.02439272799,-677.609924134053,0,0
119,1,-1222.50691679208,231.427974094553,76.3119876253835,3414.63266620967,3423.9078069036,-251.850005021302,-1174.29539841395,222.788917344197,36.7959562684186,3641.22743978826,3641.28338832823,20.1852879144109,-1355.0836067169,304.703710510316,205.337437550132,2386.47786674135,2636.06298322502,-1119.62111586147,-1296.03081032524,227.502419937094,132.378000013317,3034.9009833183,3119.65577216863,-722.238297432843,0,0
120,1,-1199.74269901735,229.368878659225,74.6329875919082,3434.86137691694,3445.95360753653,-276.267237757715,-1150.02054881536,221.579372605505,36.9305248545147,3656.403724684,3656.42402942446,12.18544498774,-1339.17375427196,301.059242198425,197.873296777722,2449.84879301163,2716.27265736029,-1173.19139124978,-1275.79813710312,224.470439184084,127.563078030431,3076.95385028475,3168.35602498795,-755.536170077475,0,0
121,1,-1176.84362317124,227.278779811013,72.7912060068567,3446.85534081563,3459.26078172689,-292.700214356802,-1125.64452398413,220.336546202789,37.0117611544329,3660.16263552989,3660.17167229481,8.13339660425676,-1322.84142898521,297.305001493401,190.052020836057,2516.43772306932,2794.70026528665,-1215.68530414206,-1255.28511143456,221.374227475326,122.526170229915,3114.8748417437,3210.5717688536,-778.026865366441,0,0
122,1,-1153.8645875658,225.153886842543,70.839871244478,3452.33113668459,3465.46309118899,-301.403648072263,-1101.24343974727,219.035391032291,37.0659837984613,3654.74506613485,3654.75429572103,8.21362613472552,-1306.06517749809,293.487630748714,181.947452141776,2585.31288554841,2870.50681937925,-1247.38393605183,-1234.51927915626,218.23956984037,117.339324460805,3149.20418444566,3246.89198358172,-790.455917630575,0,0
123,1,-1130.84904665457,222.992968987373,68.830513590663,3452.91475029729,3466.16879668826,-302.829744765491,-1076.8784726397,217.655466830544,37.1207413060262,3642.32916316787,3642.3504462486,12.4515229669331,-1288.8297582611,289.654363019687,173.631559234764,2655.47631525147,2942.96954181836,-1268.66672661066,-1213.52458459329,215.093546795907,112.069618343268,3180.44090639296,3277.98863046035,-793.728607503637,0,0
124,1,-1107.82961498592,220.798314158076,66.8116486255597,3450.07886765536,3462.88827262004,-297.575193198784,-1052.59627821858,216.182819602471,37.203751459139,3624.94246768539,3625.0017892122,20.7383162923424,-1271.12658282609,285.85173520922,165.17378105736,2725.90081972045,3011.46211447111,-1279.98780773185,-1192.32164521734,211.964095264972,106.778094293244,3209.022130117,3304.55746070478,-788.845345754797,0,0
125,1,-1084.82908920155,218.576442641424,64.8278140042345,3445.09165626647,3456.96962287727,-286.32578196761,-1028.42999510068,214.611413517636,37.342006901088,3604.38742619011,3604.53724383666,32.8637205469452,-1252.95391069462,282.124406270548,156.640529005814,2795.56330497961,3075.43919426431,-1281.85492372132,-1170.92816434989,208.87954509364,101.519125321545,3235.30566408657,3327.26330088545,-776.838679101701,0,0
126,1,-1061.86181149311,216.338520550035,62.9189754577837,3438.97829664041,3449.54561052823,-269.802139262748,-1004.40074559275,212.944021332493,37.561098371401,3582.18257858745,3582.51160960762,48.5531321128136,-1234.31682199475,278.514109939672,148.094829514339,2863.47320103384,3134.42552030104,-1274.81158187218,-1149.35945992265,205.868136598109,96.3402007942005,3259.55625489468,3346.69329590475,-758.715386710194,0,0
127,1,-1038.93528951551,214.100441596276,61.1202945293654,3432.49593052685,3441.49457183718,-248.709820677334,-980.519528402163,211.192522427669,37.8847859188197,3559.52092118651,3560.16098511955,67.5059375387256,-1215.22700065453,275.058761183836,139.596085635191,2928.695141792,3188.00895581294,-1259.42283161273,-1127.62908489002,202.95752526867,91.2820982161326,3281.93574736639,3363.32056418582,-735.406668200557,0,0
128,1,-1016.05198331199,211.882571584178,59.4622290581832,3426.12210344448,3433.41707837541,-223.696594451436,-956.789388927586,209.377603331402,38.3348255024112,3537.24611081035,3538.37646834253,89.4314445661717,-1195.70236637591,271.791725974183,131.199933424439,2990.36547926895,3235.8362828017,-1236.26483792613,-1105.74951324091,200.174280831011,86.3793870947955,3302.49728062347,3377.47959058973,-707.728829654954,0,0
129,1,-993.211169289029,209.709175683122,57.9709184285069,3420.05621523697,3425.62901454942,-195.319302532579,-933.207748188851,207.527900132831,38.9310351328524,3515.84635455461,3517.69663819918,114.079137281253,-1175.76659651412,268.741255916763,122.958167838265,3047.70262149663,3277.61040783852,-1205.91820472783,-1083.73286470342,197.543389308191,81.6611948970958,3321.18352323935,3389.35358020943,-676.356190658394,0,0
130,1,-970.410794520783,207.607571870383,56.6687897449564,3414.23297291694,3418.17057012861,-164.022111741371,-909.76877249182,205.67866169224,39.6915627147274,3495.46505144149,3498.31822777664,141.260387035553,-1155.44857903748,265.930083299277,114.918713140079,3100.01155358867,3313.08774190805,-1168.96482119785,-1061.59164121516,195.087768468053,77.1521536260399,3337.82882102477,3398.97303887254,-641.807198868055,0,0
131,1,-947.649241368003,205.607072980172,55.5753090000139,3408.34638407298,3410.82954595733,-130.127313628141,-886.465672148877,203.870043816062,40.6332986282977,3475.92654797022,3480.12331752137,170.859410837699,-1134.78183534689,263.37516855195,107.125614332094,3146.68321247997,3342.07478671355,-1125.98785085949,-1039.33944907499,192.827808939005,72.8734389669195,3352.16500109463,3406.22411519824,-604.443982842314,0,0
132,1,-924.92693214085,203.737793085522,54.7077935758263,3401.88245511352,3403.17645937543,-93.8390922690758,-863.292828495742,202.145165222797,41.7723613672157,3456.77476805562,3462.72041471999,202.832131213332,-1113.80394726369,261.08759098653,99.6190286596972,3187.18962448736,3364.42330896372,-1077.57435913191,-1016.99168240103,190.780955116434,68.8438124146374,3363.83045297807,3410.86476421556,-564.484830074876,0,0
133,1,-902.247715773427,202.02940054909,54.0821996273658,3394.15848344002,3394.60829325812,-55.2598764834347,-840.247663375371,200.548064882321,43.1245755753046,3437.32200497757,3445.49603092223,237.192607806025,-1092.55601643377,259.072574651622,92.4351995988178,3221.07587395919,3380.02384648409,-1024.31997783854,-994.56614604784,188.961341484004,65.0805802141382,3372.3820009361,3412.54655401613,-522.02837383576,0,0
134,1,-879.619992550493,200.509899734239,53.7138004508096,3384.36667000029,3384.39738173937,-14.4180621272771,-817.332183342187,199.121697026715,44.7058596273448,3416.70484029808,3427.67286749037,273.987811432034,-1071.08217727404,257.329643615552,85.6063997465608,3247.95005005834,3388.79762033718,-966.834931065778,-972.083599374933,187.379500822058,61.6003910552332,3377.30900119423,3410.83988211516,-477.087635429645,0,0
135,1,-857.057548083825,199.204516436137,53.6176800366277,3371.61973743229,3371.74184246106,28.6949187091515,-794.554151073533,197.90608580946,46.5324450368917,3393.94399729453,3408.37047842142,313.262607732103,-1049.42917694032,255.852904122511,79.1608335394557,3267.47232158087,3390.68719992534,-905.750691658834,-949.568206033638,186.042160650126,58.4198068190355,3378.04905214719,3405.26043688475,-429.631521539054,0,0
136,1,-834.580083167609,198.134749520475,53.8089794946887,3354.99632157069,3355.814104216,74.0809307595541,-771.927857758236,196.936738238876,48.6208624217724,3368.00495088781,3386.66428733295,355.017810668156,-1027.64602812978,254.631453898525,73.1224955950634,3279.34422498231,3385.64647343922,-841.726497852256,-927.047879019323,184.952142873818,55.5555966754418,3374.00470066049,3395.29488728043,-379.630941196302,0,0
137,1,-812.213441023805,197.317634453676,54.3028523664191,3333.58410531999,3335.80440146754,121.688198310858,-749.474491418984,196.243384401357,50.9876478262267,3337.85629913027,3361.63908467493,399.164955839714,-1005.78373329657,253.649920439425,67.5109856093817,3283.29912935874,3373.63061495491,-775.454933128426,-904.554514348254,184.108378785552,53.0247237341331,3364.56056542043,3380.42399671612,-327.106403471351,0,0
138,1,-789.989546988338,196.765245091352,55.1141070218248,3306.51897077681,3310.95659849539,171.36479513967,-727.222116091449,195.849081341896,53.6487475318248,3302.52323977865,3332.43363163649,445.481941254593,-983.895072434173,252.889129549217,62.3412860551922,3279.0946763978,3354.58681887011,-707.665760480678,-882.124110578784,183.50604723861,50.8440143776575,3349.10037657608,3360.14165047216,-272.173802662507,0,0
139,1,-767.94608718316,196.484440118329,56.2565389894226,3273.01883733741,3280.59437391492,222.816374166582,-705.205294492925,195.769684613733,56.6186271401888,3261.13396656513,3298.27377079878,493.57382351015,-962.034441258188,252.326902124245,57.6235143186544,3266.50779654396,3328.44660097838,-639.127210093637,-859.796774734943,183.136838069743,49.0295223599074,3327.02354298822,3333.96869493305,-215.085106866214,0,0
140,1,-746.12596160091,196.476841730542,57.7419814838665,3232.41130289843,3244.13665539243,275.571783307421,-683.464401382491,196.013662548956,59.9091192969231,3212.95737264096,3258.49250321259,542.84280881741,-940.257722614562,251.938970967962,53.3626662513634,3245.33268876843,3295.12045098252,-570.643957029524,-837.616617781689,182.989335959417,47.595621647466,3297.76099349305,3301.46104366316,-156.260848011084,0,0
141,1,-724.576552914921,196.739018158031,59.579126705916,3184.15467942249,3201.10224002107,328.959767418087,-662.044685564884,196.582205322907,63.5280713557058,3157.43108616713,3212.5368126011,592.470850272597,-918.622171356106,251.700000476794,49.5583732045,3215.38193483995,3254.49556815211,-503.051106972893,-815.631544491735,183.049512340114,46.5538826607254,3260.79018256255,3262.21221758921,-96.3116705907897,0,0
142,1,-703.348855052104,197.26282977583,61.7721918220366,3127.85247741173,3151.10472103802,382.099257389228,-640.995144990437,197.469565731397,67.4778770241898,3094.17952375578,3159.96251369702,641.417307796482,-897.186291790506,251.584681019107,46.204699158014,3176.49071405214,3206.43732010096,-437.203649660897,-793.892943274651,183.301305294134,45.9118048567868,3215.6492870858,3215.85131873405,-36.046728951337,0,0
143,1,-682.496505202692,198.03589174622,64.3195202046314,3063.26181049182,3093.84006347997,433.904849910786,-620.367281498732,198.663562234327,71.7539924094997,3023.02228787568,3100.41991709531,688.43293742251,-876.009687030158,251.568857820569,43.2900081602747,3128.52390352567,3150.79492927321,-373.961055996866,-772.455281360746,183.727260332973,45.6714933304446,3161.95073219635,3162.03830073225,23.5325829588675,0,0
144,1,-662.074759799414,199.042104805067,67.2122192040367,2990.29652872418,3029.0702740432,483.108057676848,-600.21379957956,200.146177270357,76.3435453256498,2943.97381081566,3033.63442454033,732.090174082165,-855.152861006654,251.630642591581,40.7969344536289,3071.38570156774,3087.41170372171,-314.16699457942,-751.37560981277,184.30919926984,45.828377216837,3099.39425327095,3100.4591580341,81.2542517567874,0,0
145,1,-642.139449607919,200.262209840628,70.432939588549,2909.02612069601,2956.60740623554,528.293842208231,-580.587307507456,201.894194232674,81.2241464861975,2857.23561877192,2959.387063664,770.828392966224,-834.676956329536,251.751446605757,38.7024878230994,3005.0313012158,3016.13987837127,-258.624524387722,-730.712981457631,185.02888079103,46.370072228549,3027.77971403998,3030.82414416682,135.812356258637,0,0
146,1,-622.745942136612,201.674330670111,73.9548985366038,2819.67153119408,2876.30244976827,567.950912242047,-561.539070048977,203.879833118564,86.3630024393057,2763.18291780287,2877.50024230437,803.011710514937,-814.64341432143,251.916868101929,36.9783243271813,2929.48006629264,2936.85981467617,-208.06756655901,-710.527783364031,185.868615371479,47.2754879369399,2947.019847146,2952.87218873411,185.817608226247,0,0
147,1,-603.948131928652,203.254481739866,77.7412379515508,2722.59901436399,2788.04334625866,600.533352613677,-543.117850596958,206.071365368647,91.7164138427386,2662.3473587681,2787.83354660325,826.996024674244,-795.113547212813,252.117366190242,35.5912072167879,2844.82961593338,2849.50292515487,-163.129938314442,-690.880984383057,186.811799213666,48.5142719917815,2857.15295957771,2866.38420323287,229.859448618616,0,0
148,1,-585.797471832892,204.977031765906,81.744793635642,2618.31298379236,2691.76542434822,624.530398476262,-525.36886820517,208.433709986791,97.2297206739002,2555.39780230762,2690.29326077824,841.201462760373,-776.148016439923,252.348658958323,34.5036742946916,2751.27019466676,2754.07726477634,-124.313701160715,-671.833297985873,187.843336973871,50.0466683159056,2758.35545500957,2771.20692703036,266.576473530566,0,0
149,1,-568.342051940943,206.81512869486,85.9083296254838,2507.44854524621,2587.47605530709,638.540624964631,-508.332882856453,210.929032673616,102.837730425636,2443.12067527997,2584.85763861504,844.186222302915,-757.806215142145,252.611795681259,33.6749162869535,2649.09868142114,2650.69430106455,-91.958978837668,-653.444261619142,188.949930900313,51.8238448061094,2650.95378075959,2667.2874602582,294.731145159547,0,0
150,1,-551.625728305968,208.741103789852,90.165267125248,2390.7640319274,2475.29351619096,641.346501463346,-492.04541168792,213.5173845081,108.465638574322,2326.40110609667,2471.61811770658,834.717924407767,-740.145557266004,252.912871708937,33.0618564280357,2538.73156139845,2539.59499171404,-66.2176796513194,-635.771236414078,190.120224036598,53.788719107173,2535.43513047697,2554.71686299293,313.284134937692,0,0
151,1,-535.687301426452,210.726881241785,94.4409104683369,2269.13344531538,2355.49821518619,631.985165250308,-476.536070980608,216.157424186215,114.030424737041,2206.20549148451,2350.83500046053,811.838979560504,-723.220680190014,253.262378724617,32.6204052303603,2420.71614287559,2421.1730234196,-47.0336576969931,-618.868335544232,191.344796446856,55.8772800067577,2412.45595493376,2433.77944798626,321.463321305775,0,0
152,1,-520.55974512435,212.744422963215,98.654144903339,2143.5382865366,2228.59290163915,609.811393291508,-461.828034370712,218.807266232472,119.442684600777,2083.56554777508,2223.00495869614,774.922999085965,-707.082572570844,253.674210871489,32.3068475123803,2295.73924629131,2295.99295763834,-34.1317236985653,-602.785295844673,192.616024903529,58.0203688154628,2282.84708951147,2305.00295222452,318.822483010202,0,0
153,1,-506.269489880772,214.766235249975,102.719554191949,2015.05790009198,2095.36750589165,574.549078864015,-447.937597385545,221.425486242733,124.608837928017,1959.5633192421,2088.93725672138,723.719877023942,-691.777644262235,254.164376329543,32.0793026877232,2164.63253303671,2164.80113421154,-27.0175424983606,-587.56631524793,193.927826977971,60.1458520355308,2147.61413948071,2169.20388641006,305.285126920736,0,0
154,1,-492.835770546826,216.765954714402,106.549881384376,1884.85720172874,1956.96394193671,526.3280337696,-434.873841923931,223.972293660001,129.433637108177,1835.31614424743,1949.83583046051,658.387740174707,-677.346760708657,254.749491480965,31.8991857377341,2028.37359227676,2028.52752542199,-24.9898289098381,-573.248887651392,195.275318890305,62.1810862150024,2007.93171451862,2027.52217126535,281.169672622895,0,0
155,1,-480.270055868634,218.719016128741,110.05873494284,1754.17057808878,1814.93643856608,465.703617124257,-422.638400962281,226.410854749292,133.822888709341,1711.96030037375,1807.38497775169,579.510472508196,-663.824270093479,255.44515789995,31.7325868783352,1888.08188969286,1888.27730521209,-27.165404338017,-559.862676221268,196.654421923491,64.055550699155,1865.13020858786,1881.43967448765,247.193352963225,0,0
156,1,-468.575585348042,220.603386275828,113.163425723668,1624.28086706714,1671.30325608541,393.657514447894,-411.225332293123,228.708716514671,137.686291859396,1590.63202519124,1663.83647148175,488.0999531539,-651.237057495526,256.264338337588,31.5514841827484,1745.00873127386,1745.31166430032,-32.516662201664,-547.428474830682,198.061454137722,65.7035063855765,1720.67410564555,1732.77830565104,204.453610131458,0,0
157,1,-457.747046234261,222.400328023237,115.787809153321,1496.49267264214,1528.58488366895,311.578926292516,-400.621118791848,230.839250472659,140.940291547089,1472.44486995594,1522.09322275991,385.582525164327,-639.603665953701,257.215854506994,31.3347064347373,1600.5205379699,1601.01829807412,-39.9198986055598,-535.957314126379,199.49274240219,67.0665304531196,1576.13126366803,1583.67459369121,154.387364739645,0,0
158,1,-447.770428416647,224.095140504682,117.865001995271,1372.09982607803,1389.81979713167,221.226435526444,-390.804819658808,232.78300815848,143.510841714851,1358.46287821848,1385.77457497006,273.769576717022,-628.933529033901,258.303125535759,31.0685737773669,1456.07498746262,1456.87293780864,-48.2119052198028,-525.449772368592,200.944284702945,68.0957795513839,1433.13327466971,1436.52869166719,98.7101768691076,0,0
159,1,-438.623096242793,225.677807475346,119.339844898781,1252.34753452692,1258.53781012066,124.671858362911,-381.748400470685,234.528862588308,145.335972226298,1249.66983462889,1259.22262166417,154.812516707749,-619.226362450817,259.523251245131,30.7471610759016,1313.18996921981,1314.39419711375,-56.2513124003058,-515.895550537461,202.411485009103,68.7538473971779,1293.32777677925,1293.92591891983,39.3388543779103,0,0
160,1,-430.274112679281,227.143479232026,120.1709906212,1138.39058428185,1138.64838173503,24.2283892621025,-373.417268239826,236.074805441199,146.368055671016,1146.93570524698,1147.35844118681,31.1429059697517,-610.471762656018,260.866519899628,30.3721523265662,1173.40581105639,1175.09478080438,-62.9805243928242,-507.273365358932,203.888973723489,69.016106426364,1158.32444091108,1158.52764254133,-21.6976524168288,0,0
161,1,-422.684842117402,228.492715832978,120.332513216281,1031.24978948541,1034.167842091,-77.6337381648773,-365.771030204846,237.428280849583,146.575675044148,1050.98226369973,1055.23127845789,-94.6009113299795,-602.649057248976,262.316387805773,29.9522821639474,1038.24183911348,1040.43268837759,-67.4837947871845,-499.551202419525,205.370517123447,68.8714554102518,1029.63718330948,1032.92536018947,-82.3533270067308,0,0
162,1,-415.809843520832,229.731431518257,119.814954961848,931.769583115209,948.690684168908,-178.380094770071,-358.764481780181,238.60596389399,145.945002301948,962.350628647212,987.101136187198,-219.658645639939,-595.727444988219,263.849941071971,29.5023901986995,909.148974547685,911.766406207423,-69.0371028309656,-492.686954530795,206.849010436173,68.3224332302069,908.625868026274,919.448852425427,-140.659959405419,0,0
163,1,-409.598046300064,230.87050174985,118.625754330048,840.580120428669,884.579041101782,-275.508876620468,-352.348810922533,239.632933564224,144.480611331015,881.3738954125,945.127378023603,-341.241581837804,-589.666451824568,265.438811480935,29.0421428464931,787.460676212186,790.318229781903,-67.1460180878123,-486.629448743953,208.316542349292,67.3847001675041,796.441261082151,819.921855085739,-194.815723423731,0,0
164,1,-403.99417883054,231.925023397783,116.789028485911,758.067407238312,842.078457237231,-366.646879471269,-346.472984953116,240.541242412411,142.205667452096,808.158124567288,928.241148972538,-456.631225762914,-584.416713983153,267.050482432075,28.5945027259076,674.345025747937,677.149844183701,-61.568642400376,-481.319840336739,209.7645145744,66.0859286780126,693.977193801342,735.377945504008,-243.261951848847,0,0
165,1,-398.940396115618,232.913252391316,114.344715956103,684.354710961873,818.851211894694,-449.639785612551,-341.085264122668,241.367943056568,139.161459280343,742.574595385594,932.040807725514,-563.278827538858,-579.921080478167,268.649890671177,28.1840451099051,570.761038048505,573.154206840627,-52.3219099890401,-476.693325711397,211.183798880409,64.4641823323536,601.833725337974,665.794837470537,-284.743626176663,0,0
166,1,-394.378031375872,233.855277914041,111.347117385352,619.297842638088,810.354381927866,-522.632190372449,-336.134766820097,242.152688728324,135.406267096751,684.265443998353,949.931436888629,-658.901006934298,-576.116006891177,270.201207768247,27.8352323766449,477.42229964806,479.067669243058,-39.6708899917012,-472.68110087581,212.564915650083,62.5658914911759,520.294539558887,609.961816358605,-318.350450793923,0,0
167,1,-390.249379091618,234.771523850354,107.862902782869,562.495849691052,810.933623441575,-584.133341548335,-331.572997193441,242.935074556552,131.013593717189,632.663650195505,974.773867428194,-741.566449040285,-572.93319156019,271.669673815216,27.5707597767002,394.770752074822,395.50582732772,-24.1021317825448,-469.212470612084,213.898221901659,60.4435551525497,449.320889864535,565.60311392113,-343.536927285294,1,0
168,1,-386.499406760344,235.681192712358,103.96868050588,513.317325803277,815.025416758179,-633.065362337899,-327.355239525471,243.751922139507,126.069817390254,587.02693807368,1000.16300027294,-809.768733090387,-570.301386546358,273.023355274854,27.4100788981499,322.962846393,323.023963522648,-6.28337963301249,-466.216998012987,215.174101926357,58.1533089706478,388.563185009698,529.781837625101,-360.12143331458,0,0
169,1,-383.077291254989,236.600781329914,99.7482447569612,470.94106942142,817.965693153995,-668.791734629776,-323.44172660498,244.634727359388,120.671359169651,546.483684871336,1021.03753404847,-862.480856660154,-568.148300903738,274.234708889648,27.3681897005965,261.869440960453,262.19127648847,12.9869687653965,-463.626576779589,216.383159094456,55.7524994152172,337.38990033595,499.451341832303,-368.265798044545,0,0
170,1,-379.937684125513,237.542798856303,95.2896331927627,434.408383565477,816.311445754659,-691.124976222167,-319.798502039171,245.607487380807,114.921486791917,510.087583318599,1033.79314959963,-899.187930025375,-566.402504630668,275.281852635068,27.4547694923658,211.089778275851,213.628497991258,32.83657505668,-461.37731077735,217.516411840256,53.2973940949203,294.932045125432,471.944452246277,-368.43812881428,0,0
171,1,-377.041628235076,238.514805175443,90.6821333512815,402.683093708754,807.832236253332,-700.313678269393,-316.39791815038,246.685096649831,108.926900591748,476.876763724076,1036.15622408416,-919.895794603064,-564.995239442163,276.149470693589,27.6736799927437,169.978769600084,177.865679321595,52.3776456684921,-459.41109714318,218.565499392837,50.8411399028251,260.140076783097,445.259229553847,-361.362590695509,0,0
172,1,-374.357074277018,239.5188621822,86.0133754961523,374.714535017378,791.349687332588,-697.010290374608,-313.218739725553,247.872455194472,102.794261961061,445.932504243896,1026.98262341608,-925.114863385805,-563.862047644829,276.829309676413,28.0228642972003,137.685762291142,154.805540334034,70.7628870271671,-457.676829964626,219.522902864222,48.432055964855,231.849079925152,418.127312347293,-347.960419399435,0,0
173,1,-371.858977376902,240.551453794341,81.3666402269882,349.498444552421,766.535212995006,-682.222155911649,-310.245856363927,249.164369695354,96.6268295384886,416.432629936455,1006.05301696159,-915.82014482196,-562.944142562888,277.320254995764,28.4946168773814,113.202083516052,142.91491976197,87.2350994622881,-456.131169431792,220.382184684606,46.1123198355254,208.847349788158,389.931931156019,-329.286646284851,0,0
174,1,-369.528987746553,241.60388650558,76.8184925209106,326.130937453829,733.715151988841,-657.249219013225,-307.469638831018,250.546254775082,90.5213619063422,387.695233495177,973.885690005073,-893.390028555153,-562.189462006114,277.628006663344,29.07618420713,95.4140405741384,139.063556195253,101.167354037688,-454.738853766537,221.138244425029,43.9170755269597,189.943314723152,360.555676615178,-306.466854865923,0,0
175,1,-367.354781496861,242.663135459768,72.4368310608224,303.851517903473,693.698970748766,-623.612473484657,-304.88500394105,251.99556638366,84.5654283826412,359.209372959066,931.5682750572,-859.527822395181,-561.553368402286,277.764400470196,29.7506332340479,83.1577706282815,139.569904958239,112.091674776435,-453.472565001716,221.78758256093,41.8739631611869,174.026022545931,330.216056143241,-280.637822133153,0,0
176,1,-365.329104710837,243.713056675888,68.2794145709247,282.072269645354,647.632300395407,-582.977556354072,-302.490274787989,253.483829390327,78.8352429000067,330.650775908484,880.605024883473,-816.171105982771,-560.998983264765,277.746441618422,30.4979110658908,75.2723856100545,141.4131008288,119.715216453831,-452.312391518077,222.328556829207,40.0030443469659,160.115158239356,299.320636966733,-252.895195320427,0,0
177,1,-363.448622913202,244.735849413922,64.3928975285642,260.391823876694,596.872317534073,-537.077891461438,-300.285936281933,254.979065604318,73.3941021934549,301.882121951897,822.776850055996,-765.394623337456,-560.497167360698,277.595132190616,31.2960125089163,70.6482234060843,142.64754785673,123.923974432319,-451.244957129815,222.761609801247,38.3170763781631,147.397658802819,268.354904863874,-224.250496418506,0,0
178,1,-361.71267742069,245.71362824226,60.8123782521546,238.594222479713,542.882507117146,-487.641480529599,-298.273388802253,256.448393138513,68.2914713712052,272.93898631643,760.013228157624,-709.312636799269,-560.026179204657,277.334180816279,32.1221723384651,68.2676314719004,142.229632463529,124.774992862863,-450.262306071129,223.089442373703,36.8220730687064,135.249308728871,237.80511500463,-195.598816997261,0,0
179,1,-360.122049270826,246.629955244459,57.5614350486239,216.634192844066,487.14449937956,-436.324867233765,-296.453795560144,257.860557612182,63.56272045921,244.003823168742,694.276750292935,-649.986415455243,-559.571061661511,276.988682667082,32.9540056242175,67.2364885422155,139.720425020655,122.47878092333,-449.360644012937,223.31710705152,35.5180809553913,123.241082547938,208.112625339853,-167.697645774347,0,0
180,1,-358.677821318532,247.47119016924,54.6526026003988,194.61146949607,431.08543878508,-384.657030967984,-294.827103405686,259.188171354381,59.2294776895084,215.371306306807,627.462067967829,-589.34187629776,-559.122818404563,276.583851237517,33.7705308303731,66.805520165633,135.054328279403,117.374162669643,-448.53903679595,223.451997713163,34.400096650229,111.131298820325,179.653288747698,-141.156433010937,0,0
181,1,-357.380411521891,248.227539210539,52.0882223939456,172.73753186318,376.01990491763,-333.995080772278,-293.391294696974,260.409476307928,55.3005318475233,187.408845408507,561.311303237526,-529.101411645122,-558.677448270125,276.143871479322,34.5530252481707,66.381294833684,128.39026581328,109.898062093052,-447.798161470481,223.503719005142,33.4590537634894,98.8457351266419,152.734326088049,-116.435797815123,0,0
182,1,-356.228827976137,248.893718472211,49.8615885221304,151.298432604145,323.105706101314,-285.49269974337,-292.14190239425,261.509504382739,51.7731891032225,160.516142451223,497.347691933755,-470.732721068348,-558.234906304567,275.690928307453,35.2856789954577,65.5275247596023,120.019651113475,100.552772971609,-447.139189902971,223.48382803345,32.6828151113886,86.4486343263081,127.601269157084,-93.8547681986105,0,0
183,1,-355.220171758776,249.46919136394,47.9583038571746,130.617283021115,273.312935189001,-240.0814151862,-291.071794777909,262.480577819889,48.6349709627669,135.08729047995,436.828501857355,-415.416133516413,-557.798056139503,275.24444696403,35.9560308152684,63.9578854140154,110.30769504171,89.8731132140345,-446.562865674128,223.405452519644,32.0571166567312,74.1079603404273,104.448829119712,-73.6041311249604,0,0
184,1,-354.349389871968,249.957984604227,46.3577610892666,111.019507247497,227.405568694653,-198.464006015855,-290.171212841376,263.322162743706,45.8655300726575,111.478237899092,380.717289007947,-364.030571002593,-557.371670236743,274.820563851687,36.555184903362,61.5219807290657,99.6534874680557,78.3955576019356,-446.068812605192,223.282801640519,31.5664224492314,62.0583331957277,83.4316789134794,-55.7638621984701,0,0
185,1,-353.609259823652,250.368129514116,45.0346677158276,92.8032754040061,185.934667549995,-161.118753319455,-289.428024588715,264.040152700793,43.4386595993068,89.9815661320929,329.674524785461,-317.157074726287,-556.96152369855,274.431829670525,37.0778219540416,58.1863086028477,88.4609548366476,66.6310289713852,-445.655090383887,223.130596822093,31.1946633679083,50.5648241428588,64.6739535525052,-40.3226837836144,0,0
186,1,-352.990571320958,250.710808991965,43.9605426936979,76.2166933401943,149.241961801888,-128.312816268535,-288.828147481168,264.645708308831,41.3242791011316,70.8095843857706,284.064750264016,-275.097773712678,-556.573614974531,274.087132147783,37.5220288138508,54.012134691061,77.1167522993931,55.0425543676948,-445.317991556268,222.963458381821,30.9258454760175,39.8902890422562,48.2800999895937,-27.1980310892245,0,0
187,1,-352.482460032024,250.999312557268,43.1051239185743,61.4424757183372,117.472327964481,-100.122774706837,-288.356083585263,265.153809392457,39.4902939430471,54.085848545887,243.977873761389,-237.907385072846,-556.21353407659,273.791814099786,37.8889791763021,49.1320859490543,65.9732601908863,44.0285042956166,-445.052056295987,222.795289020784,30.744525268756,30.2682469737817,34.3568499467338,-16.2550411687125,0,0
188,1,-352.072843527235,251.247910611796,42.4376387538621,48.5900552789786,90.5934411753334,-76.4603041582649,-287.995511261623,265.581685477072,37.9042447092281,39.8444526805548,209.262126296757,-205.433826554506,-555.88598683693,273.547954390507,38.1825025382729,43.7270621625089,55.3358579889875,33.9116678152738,-444.850267982828,222.638696171813,30.6361583276313,21.8825615925823,23.0755530710021,-7.3235679610061,0,0
189,1,-351.748909825375,251.470754997576,41.927903392807,37.6944524225138,68.4207351775397,-57.1010092625503,-287.729881577086,265.947280604758,36.5346858655314,28.0358787846069,179.566440637594,-177.364303353378,-555.59447308918,273.354774575209,38.408580323708,38.0047709020687,45.4540111709641,24.9340032929211,-444.704384238878,222.50449208617,30.5873345412246,14.8544391823663,14.8559607507174,-0.21261797722012,0,0
190,1,-351.497613475892,251.680898098596,41.5472299977233,28.7207835371333,50.6457456178942,-41.7146034645612,-287.542975718522,266.267882979079,35.3522571765089,18.5378462444447,154.390260176201,-153.273287607111,-555.341107949833,273.209132378619,38.5748070123275,32.180855984069,36.5157022100944,17.2565644329602,-444.605354644328,222.401303797172,30.5859170880431,9.23658859329066,10.6382480914086,5.27804448755891,0,0
191,1,-351.306141585644,251.889500326877,41.2691326412929,21.5730327384506,36.8659457936753,-29.8948526962075,-287.419390076893,266.559014337593,34.3304352591281,11.1694695903935,133.13845963814,-132.669108627012,-555.126568909939,273.106064188684,38.6898507752139,26.4632454065122,28.6445329042577,10.9638454867721,-444.54377738704,222.335315653256,30.6211040512935,5.01384309835373,10.6086755786497,9.34908417536864,0,0
192,1,-351.162321367388,252.105269521964,41.0698336233182,16.105635257216,26.6143109505297,-21.1879697076668,-287.34492694629,266.833634066028,33.445974534948,5.70708134457902,115.177849875391,-115.036369572602,-554.950147273895,273.039341868036,38.7629430784591,21.0400201210859,21.8985626002566,6.07162229240714,-444.510351766384,222.310156126537,30.6834312791293,2.10914995328721,12.3763660820544,12.195323852673,0,0
193,1,-351.054950465673,252.334149107066,40.9285804919337,12.1364907195328,19.3871438278723,-15.118430434979,-287.306879737326,267.101674279748,32.679065404464,1.90026273961053,99.8901238957891,-99.8720474078535,-554.809880473088,273.002013779496,38.8034205604084,16.0708212500936,16.2698834956492,2.53728463313436,-444.496290766696,222.326929294742,30.7647334381471,0.393597460347905,14.0071643163957,14.0016332342237,0,0
194,1,-350.974040527543,252.579247708667,40.8277909557005,9.46020136911727,14.6694377597364,-11.2114670869843,-287.294211319062,267.369888589571,32.0132517550783,-0.513099174267495,86.7153753424432,-86.713857312532,-554.702741664754,272.986905401528,38.820335791296,11.6815843300344,11.6847425152449,0.27165269714331,-444.493666783627,222.384380878412,30.8580776597086,-0.300937441699034,14.9435644634548,14.9405339773923,0,0
195,1,-350.910972518415,252.840983409667,40.7530478417873,7.86057220406633,11.9582798160576,-9.01176235726346,-287.297631980224,267.641971703425,31.4351593729948,-1.79358961262608,75.1816056328174,-75.1602079682458,-554.624864435887,272.987060759005,38.822146809277,7.96222148371157,8.00732189432932,-0.848665401514381,-444.495673033238,222.479179882972,30.9576812195579,-0.167896596337869,15.1720011784302,15.1710721602406,0,0
196,1,-350.858568703722,253.117401979011,40.6929694260722,7.12167847366913,10.7841459553979,-8.09811704688208,-287.309589244308,267.918890535236,30.9340913198732,-2.18941585564494,64.9187102926191,-64.8817802180863,-554.571782959329,272.996111696362,38.8164890399335,4.9667663214791,5.06044651004727,-0.969201314934409,-444.49679234388,222.60629035042,31.0588217006261,0.5878628587908,14.8501861922435,14.8385459935788,0,0
197,1,-350.81109084723,253.404620559557,40.638981979093,7.03706897547533,10.7254152108374,-8.094083745506,-287.324185350012,268.199359948352,30.5015461184192,-1.92816562231144,55.6587837725376,-55.6253753998211,-554.538671183853,273.008567463027,38.810027697834,2.71544703197151,2.72661342596314,-0.246512050820158,-444.492873258155,222.759403767994,31.1577453405833,1.76295915489106,14.184720350844,14.0747385925932,0,0
198,1,-350.764177054061,253.697345981047,40.5850214207896,7.41690748224357,11.4132277996554,-8.67474796214083,-287.337039787495,268.480396551591,30.1307102824204,-1.211158321982,47.2266928877094,-47.2111598737959,-554.52056820364,273.020021956607,38.8083842841618,1.198152212163,1.66871222589668,1.16147826899429,-444.481120197122,222.931401330338,31.2515769312006,3.16658886695222,13.3785341343509,12.9983803041643,0,0
199,1,-350.714731004179,253.989419212323,40.5271897677087,8.09304472865051,12.5332406918928,-9.56999212439484,-287.345114176308,268.757890398356,29.8159692165951,-0.210181158459477,39.5253122496139,-39.5247534123884,-554.512580522225,273.027280159083,38.8161274726218,0.378791186807348,3.12639418301728,3.10336234178372,-444.460009604676,223.114816292875,31.3382327998951,4.62932772876741,12.5971007433845,11.7156421897668,0,0
200,1,-350.660777372655,254.274343336972,40.4633898202127,8.92215346794671,13.8281453028282,-10.5646949795315,-287.346515384031,269.027145055503,29.5524708605125,0.933725181431555,32.5191714242803,-32.505763602895,-554.510055247646,273.028408757611,38.8368165549004,0.200114864566103,5.44389305623884,5.44021375028088,-444.429147419818,223.302269701523,31.4163370811602,6.00936480449548,11.9426087423105,10.320534783547,0,0
201,1,-350.601296349535,254.545760615039,40.3929585203492,9.78715007846063,15.0981944247065,-11.4963980545181,-287.340290549488,269.283349360061,29.3357657698266,2.10983143352053,26.2193913092068,-26.1343661095394,-554.508721148549,273.022718666211,38.8730846465689,0.58864383104833,8.07113394281815,8.04963984058169,-444.389084987788,223.486857345322,31.4851406463838,7.1961289830341,11.4415019050191,8.89514999885286,0,0
202,1,-350.536048682345,254.797853534645,40.3163158666524,10.5971742167128,16.1983765895483,-12.2510123156196,-287.326225006598,269.521957540595,29.1615366624296,3.23604697683777,20.6722532735078,-20.4173959007449,-554.504796856342,273.010689189135,38.9267489121728,1.45943758210478,10.925970983833,10.8280600240072,-444.341110794567,223.662471317336,31.5444416463762,8.11145325162954,11.0540411057732,7.50973707360991,0,0
203,1,-350.465400854234,255.025654280468,40.2346424512149,11.2864123162922,17.0331390430007,-12.7571439862081,-287.304651360086,269.738966878723,29.025420689758,4.25639222397081,15.9534660897807,-15.3751814790429,-554.495067272462,272.993844935274,38.9989359789995,2.72052410801962,13.9591137026531,13.6914427268014,-444.287034439556,223.824045556373,31.5945065602002,8.70856636626058,10.703291148355,6.22264519725242,0,0
204,1,-350.390158105459,255.225255987364,40.1495948246402,11.8120415588493,17.5497618350013,-12.979592238483,-287.276275411926,269.931092783205,28.9229194798977,5.13794416191047,12.168020346536,-11.030061148643,-554.476930445075,272.974597352468,39.0902122638448,4.27688566801976,17.1177001586564,16.5747973654085,-444.228977330448,223.96772069585,31.6359908615152,8.96930208800768,10.3080925902864,5.08019614817954,0,0
205,1,-350.311411161733,255.393926969787,40.063064209717,12.1515478504222,17.7311376360034,-12.9125182170558,-287.242022450846,270.095849520168,28.8493857389068,5.86751567401222,9.44173612913265,-7.39720494155662,-554.448417873955,272.956062945625,39.2007109129475,6.03395961825868,20.3460717420439,19.4307479695873,-444.169181983195,224.090929058565,31.6698588358364,8.89997487465735,9.80590148313598,4.11657031124655,0,0
206,1,-350.23040084273,255.53013549334,39.9769807549366,12.2996420559247,17.5884692410053,-12.5727107474052,-287.202905679686,270.231550722366,28.8000710392964,6.44826053927829,7.85067448191767,-4.47806049966051,-554.4081914765,272.941869916546,39.3302492327448,7.900659612352,23.5898889024112,22.2275152933893,-444.109848817364,224.192405387777,31.6973026379114,8.52639171588123,9.16227729096465,3.35379925813672,0,0
207,1,-350.148403229024,255.633497430857,39.8931626832873,12.2649686350542,17.154252108218,-11.9932860290014,-287.159917276091,270.337247291137,28.770217302632,6.89633378203496,7.25610638847441,-2.25647075931033,-554.355520412417,272.935964161869,39.4784326680341,9.79195137214219,26.7995451452555,24.9466091547166,-444.053006205924,224.272132670763,31.7196612996323,7.88845795516977,8.37130444029051,2.80195808704313,0,0
208,1,-350.066636771457,255.704662307013,39.8132074430939,12.0667727977377,16.4757992728214,-11.2180638225176,-287.113941717544,270.412621686906,28.7551741642366,7.23768599590926,7.27119757623283,-0.697291629975005,-554.290240736603,272.942424341953,39.6447433957322,11.6310293537992,29.9326606823097,27.5804882424758,-444.000416486223,224.331235060476,31.7383410202126,7.03479648430516,7.45239544689323,2.45964150259397,0,0
209,1,-349.986191619472,255.745154871063,39.7384203509438,11.7316671520285,15.6094666716045,-10.2967682117228,-287.065690477571,270.457857253554,28.7505255533701,7.50503227386332,7.50928952950418,0.252823666200364,-554.212700540911,272.965294152689,39.8286133173487,13.3511385042368,32.9559271163089,30.1303871985766,-443.953517842995,224.371831393118,31.7547386302299,6.01774096383281,6.44759328810067,2.31479003388415,0,0
210,1,-349.907980505125,255.757189609754,39.6697752295323,11.2906158166709,14.6156448222903,-9.28111351356513,-287.015656929079,270.473499548123,28.7522110444781,7.73501126971041,7.76336585102522,0.662910246049542,-554.123692950883,273.008438073324,40.0294825653392,14.8970727466121,35.8465163250704,32.6044468780822,-443.913399569902,224.396863175642,31.7701705637891,4.88899099414652,5.42268546644499,2.34590808156412,0,0
211,1,-349.832709733014,255.743474733979,39.6079011394419,10.7762316027532,13.5545018464133,-8.22176092745615,-286.964090187281,270.460324049921,28.7566304461184,7.96553626421712,7.9891603567708,0.613934222567991,-554.024379132572,273.075424819959,40.2468455445264,16.2263635002091,38.5931404134013,35.0162193065955,-443.880806296608,224.409910288869,31.7858099509996,3.69613640782234,4.47553480991349,2.52368529922364,0,0
212,1,-349.760868188996,255.707020383537,39.5530893999255,10.2204585910812,12.4824028278027,-7.16607330017851,-286.910986612186,270.419221465688,28.7607233409355,8.2333359069878,8.23562790063875,0.194285255448534,-553.916203375904,273.169440612099,40.4802870065704,17.3101522031686,41.196745817184,37.3835591755093,-443.856165387223,224.415006187472,31.8026345196611,2.48017453351963,3.7502306469242,2.81299914475817,0,0
213,1,-349.692731798388,255.65096334405,39.5053155779243,9.65268732631728,11.4489108708018,-6.15655646509623,-286.85609770614,270.351108443603,28.7620185759719,8.57168545858542,8.58654958215158,-0.505016955975535,-553.800802361216,273.293232271945,40.7295107344071,18.1337246438261,43.6707574569016,39.7278628597288,-443.839630890332,224.416462286476,31.8213878472928,1.27406318487715,3.42131491988622,3.17524153128179,0,0
214,1,-349.628380549546,255.578417701378,39.464271868157,9.098323061923,10.4943261781235,-5.22985653662964,-286.798953136416,270.256868118301,28.7586517962654,9.00833792867957,9.11570925872888,-1.3949921334504,-553.679910863591,273.449078238355,40.994363153472,18.696674972756,46.0407593007284,42.0735767667871,-443.831137135767,224.418708738277,31.842556124168,0.102277242351079,3.5723431698144,3.570878755799,0,0
215,1,-349.567725062467,255.492357795852,39.4294061579128,8.57780039604847,9.64786612993911,-4.41618174748015,-286.738897550224,270.137321738256,28.749351848709,9.56367677280809,9.85849426078699,-2.39290527919955,-553.555266363772,273.638783899981,41.2748536652505,19.0126652989022,48.3435069520628,44.4478708450255,-443.830455287484,224.426156164248,31.86636198254,-1.01872884547731,4.09099413276996,3.96212374033809,0,0
216,1,-349.510539726493,255.395536778036,39.3999649462629,8.10601267018285,8.92680217799105,-3.73903138738107,-286.675139705072,269.993229833921,28.7333991468477,10.2491261900468,10.8064956103995,-3.42574951187036,-553.42851526178,273.863696333731,41.5711728042174,19.1087532757479,50.6252175775041,46.8803605256639,-443.837246813121,224.443080341343,31.8927761408089,-2.07930422900802,4.79037559518127,4.31557554286073,0,0
217,1,-349.456499642025,255.290441174242,39.3750380703471,7.69210463193701,8.33700106871198,-3.21513812316638,-286.606812197139,269.825319082962,28.7105608167686,11.0658699742288,11.9207157890318,-4.43283054450916,-553.301123573275,274.124732656809,41.8837085410551,19.0242744905561,52.9391703588051,49.40276043286,-443.851108841314,224.473529562417,31.921546644428,-3.07482285080312,5.53691969322402,4.60466547377667,0,0
218,1,-349.405218944479,255.179279275836,39.3536038161926,7.3395648454067,7.87513250788329,-2.85455774101528,-286.533039730644,269.634329290236,28.6810086131385,12.0039436182594,13.1492670965366,-5.36736087716374,-553.174295076671,274.422415822349,42.2130602772742,18.8092872111895,55.3427639414294,52.0483643862491,-443.87160766032,224.521252556912,31.9522444142532,-4.00356178894867,6.25950389607163,4.81174417721952,0,0
219,1,-349.356288512176,255.063998972023,39.3345734312525,7.04655186455625,7.53220452105959,-2.66086673232415,-286.453013439856,269.421073758438,28.6452262072907,13.0417750823597,14.4392288938298,-6.1970504072141,-553.048899828596,274.756911844184,42.5600493731825,18.5226116018328,57.8942882886153,54.8512668576848,-443.898298072246,224.58964359509,31.984322708768,-4.86446829545457,6.92564188937442,4.92965148690807,0,0
220,1,-349.309311499746,254.946328924359,39.3168343197037,6.80639525636479,7.29736527066451,-2.63144893692342,-286.36606827264,269.186505777333,28.6039125379093,14.1462552986837,15.7409753833275,-6.90375021585989,-552.925415751251,275.128063131002,42.9257244855671,18.2295205465948,60.6497373174552,57.845269619197,-443.930727860882,224.681700766061,32.017187052014,-5.65504519617548,7.52377904825229,4.96263186183832,0,0
221,1,-349.26393553137,254.827835781035,39.2992913267909,6.60822718723182,7.16062061469037,-2.75786530299413,-286.271759903982,268.931783966246,28.5578875364702,15.2734180306197,17.0076917584941,-7.48226440416868,-552.803885614273,275.535413817406,43.3113596163617,17.9991609399963,63.6599788884451,61.0624526000503,-443.96842816219,224.799993419345,32.0502712644263,-6.36956851666071,8.05243662511678,4.92649292226091,0,0
222,1,-349.219880683455,254.709989476206,39.2809055581042,6.43771883167972,7.11356087582812,-3.02630543375066,-286.169937117111,268.658329694828,28.5080057737758,16.3697981762027,18.1931276118622,-7.93848851935248,-552.683891208007,275.978224635332,43.7184426336954,17.9017991713181,66.968497897328,64.5314287541677,-444.010891952301,224.946635332547,32.0831145505747,-6.99782215971538,8.51305784039854,4.84795202275841,0,0
223,1,-349.176962557911,254.594228559088,39.2607301885459,6.27791389304946,7.14812774609133,-3.41811752663617,-286.06080512927,268.367870684646,28.4550825169801,17.3745163454214,19.249654536337,-8.28706109130408,-552.564545880198,276.455476868276,44.1486521587232,18.0059901192919,70.6097637832058,68.2753473908708,-444.057544100033,225.123261200517,32.1154342307264,-7.52449326285216,8.90538157176652,4.76317352991167,0,0
224,1,-349.135109798624,254.482017932405,39.2379427383683,6.11016502298867,7.25433680904086,-3.91040738681418,-285.9449750203,268.062466047728,28.3998354430381,18.2221045082258,20.1277378257016,-8.54872723108393,-552.444505946069,276.965867122048,44.603821141329,18.3757648087521,74.6081069036264,72.3097564885705,-444.107707388452,225.331005375713,32.1471887209258,-7.92932008597518,9.225543787617,4.71556371512349,0,0
225,1,-349.094375365137,254.374892310994,39.2118733557896,5.9151853642021,7.41823277019066,-4.47669069066201,-285.823494323579,267.744509335708,28.3428439281642,18.846042681281,20.7772479030282,-8.74761142708245,-552.322000847344,277.507796834198,45.0858861845861,19.0679198128521,78.9768860726866,76.6404786503109,-444.160569522358,225.570483238592,32.17862581236,-8.18802412987338,9.46754078057587,4.75295584667883,0,0
226,1,-349.054940796042,254.274480077739,39.1820287511852,5.67422630660985,7.6210432237833,-5.0875785635359,-285.697854039037,267.41670755469,28.2845265186503,19.1829214640023,21.1505867809918,-8.90858267549799,-552.194881381925,278.079362397972,45.5968227089215,20.1294754050309,83.7177318933243,81.2616936402435,-444.215156349891,225.841776944236,32.2103121846712,-8.27399256137653,9.62852340992602,4.92437916389257,0,0
227,1,-349.017112620665,254.182503932458,39.1481115607616,5.3703850308267,7.83977067081755,-5.71147693610712,-285.569967895944,267.082035470197,28.2251359674803,19.1770830662307,21.2073385841442,-9.05487133500085,-552.060684879225,278.678353242012,46.1385673331898,21.5953543921046,88.819752235008,86.1544488448949,-444.2703163003,226.144428392626,32.2431413790971,-8.16060947642256,9.71795458568825,5.27665559827639,0,0
228,1,-348.981310053793,254.100756696421,39.1100350478542,4.9900334503576,8.04880558321704,-6.31528601733429,-285.442120675502,266.74366583713,28.1647701585803,18.7855294970831,20.9200327872571,-9.20606611610708,-551.916715849944,279.302265932443,46.7129303254891,23.4863244458154,94.2587444680442,91.2858339104044,-444.324720363476,226.477442952251,32.2783190830856,-7.82406915256217,9.76992560185817,5.85110144859655,0,0
229,1,-348.948043164124,254.031052729964,39.067933141072,4.52434533181361,8.22187701471256,-6.86509730182721,-285.316883812188,266.404877425736,28.1033963844729,17.982827413141,20.2805918712137,-9.37658385959015,-551.760140353639,279.948342129644,47.3215025515585,25.8072473780317,99.9966169110906,96.6090543191086,-444.376880824493,226.839307625457,32.3173264260763,-7.2464456763953,9.85604884618544,6.68062301865966,0,0
230,1,-348.917880861912,253.975157509236,39.0221658257265,3.97088122995797,8.33374867479487,-7.32690038366925,-285.196998296101,266.068943884233,28.040885825409,16.7656917128056,19.3070624314774,-9.57466663253221,-551.588092037785,280.613636884086,47.9655629136859,28.5456909747666,105.981332726941,102.064618812553,-444.425190462336,227.228026932037,32.3618639128673,-6.41874582938726,10.0918375516914,7.78748272212866,0,0
231,1,-348.891408320379,253.934699850864,38.9733198231687,3.33517106372199,8.36129687883649,-7.66732805296293,-285.085227018015,265.739007602698,27.9770547145254,15.1569002786886,18.0501887310481,-9.8019226261151,-551.397787431287,281.295121239432,48.6459937057696,31.6709821026109,112.147730683144,107.582816425464,-444.467982101198,227.641178819563,32.4137804643482,-5.34364058068206,10.623707439267,9.1819750108364,0,0
232,1,-348.869173846621,253.911072934254,38.9222043028156,2.63221115005763,8.28380538897908,-7.85448255354808,-284.984181016157,265.417943839702,27.9117085636847,13.2081841234537,16.5990004803685,-10.0533919205519,-551.186647550603,281.989819500426,49.3632124819393,35.1338107701849,118.419551121135,113.087600684142,-444.503606371736,228.075991457,32.4749936310871,-4.03755950027858,11.5883174484269,10.8621919780138,0,0
233,1,-348.851625772287,253.905331529109,38.8698410857919,1.88776655904235,8.08244350339401,-7.85889498619987,-284.896126455334,265.108221444837,27.844685950881,11.0017517210792,15.0831521709694,-10.3180879275353,-550.952422145468,282.694977037902,50.1171298198336,38.8665285152967,124.712921155665,118.501922618786,-444.530523435071,228.529439955486,32.5474082442738,-2.53184584299504,13.0626946350998,12.8149813795094,0,0
234,1,-348.839040661893,253.918093596139,38.8174484525506,1.13934247412999,7.7389972689503,-7.65467030351168,-284.82278144386,264.811767529595,27.7758986980308,8.6501422955763,13.6660215250358,-10.5799424662436,-550.693311955366,283.408249513685,50.9071426372922,42.7843143704081,130.941455278224,123.754463168943,-444.547402407358,228.998360049618,32.6328414534706,-0.872710760242512,15.0434473194714,15.018111838133,0,0
235,1,-348.831445045399,253.949454633437,38.7664173171938,0.436663201554666,7.23405049436186,-7.22085949201236,-284.765113828556,264.529844342492,27.7053657482558,6.29415769261357,12.516735348352,-10.8190684775169,-550.408083192897,284.127899417199,51.7321723917518,46.7874007894011,137.023027761407,128.787613007911,-444.553220479093,229.479573754197,32.7329621990581,0.880206076703871,17.4657626826893,17.4435691115825,0,0
236,1,-348.828533957389,253.998922773729,38.7182782539138,-0.15852071335587,6.54499684581404,-6.54307686758706,-284.723152777272,264.262947291311,27.6332386250724,4.09869336585587,11.7512108094092,-11.0132496648294,-550.096167187634,284.852981411372,52.5907564784712,50.7645538920997,142.888185163327,133.566438626645,-444.547352438581,229.970020187326,32.849252659802,2.65676707078057,20.2369736890913,20.0618217723264,0,0
237,1,-348.829590762144,254.065381724637,38.6746577414632,-0.573482670486669,5.64455222561047,-5.61534393018768,-284.695828154833,264.010733394528,27.5598169606402,2.24637397847971,11.3638114621949,-11.1395697806119,-549.757736828354,285.583494822335,53.4811994026488,54.5979820751484,148.490094657415,138.088263674687,-444.52964065811,230.466883318916,32.9829981382842,4.38073986763641,23.2630212336837,22.8468219919296,0,0
238,1,-348.833413979948,254.147087247974,38.6372221152619,-0.726600963639612,4.50112706261177,-4.44209363627266,-284.68085232831,263.771989287716,27.4855531621028,0.928997642239437,11.2146477607384,-11.1761034255302,-549.393750281186,286.320480270933,54.4017878271468,58.169801090537,153.815859916188,142.392390958378,-444.500435725659,230.967707540166,33.1353102848971,5.97552538859247,26.4648867509674,25.7814531605923,0,0
239,1,-348.838257986372,254.241701084636,38.6076081576868,-0.530609460966502,3.08617002689408,-3.04021364953719,-284.674659010695,263.544647115176,27.4110458059326,0.336905953776068,11.1087118403173,-11.1036018088509,-549.005951607249,287.066038409417,55.3510704335359,61.3701107874021,158.898960604945,146.569400569402,-444.460598889735,231.470491792434,33.307186639301,7.37093244780169,29.7894181213206,28.8631042484486,0,0
240,1,-348.841795382778,254.346364154621,38.5873400666899,0.102903330349591,1.44461872276666,-1.44094904794407,-284.672412971003,263.32585508572,27.3370217938735,0.646526708999318,10.9262623960975,-10.9071175460304,-548.596817535333,287.823252271455,56.3281997706653,64.1066396814324,163.832446188953,150.76939070319,-444.411459340083,231.973753629584,33.4996073342907,8.51060184023424,33.217780193704,32.1090419868646,0,0
241,1,-348.841109360576,254.457808608415,38.5777337397036,1.25775543177724,1.2950536743292,0.308569754234611,-284.668102792943,263.112107099489,27.2643076769,2.00648388789091,10.7661459152353,-10.5775195710418,-548.169439937457,288.596000888719,57.3333290420199,66.3157913454654,168.782281201456,155.208486449008,-444.354721994481,232.476556041342,33.7136676142031,9.35958947516724,36.7723463133545,35.5612645760189,0,0
242,1,-348.832724324364,254.572505985496,38.5797908713985,3.00631412336543,3.69277690461452,2.14445253127877,-284.654726233691,262.899432666035,27.1937908797597,4.52283409937309,11.0781671677749,-10.1128512056054,-547.72733466182,289.388660305684,58.3680522850133,67.9747864199783,173.999828314577,160.172933620699,-444.292324731313,232.978492093835,33.9507427113765,9.91156290973834,40.5214324985256,39.2905511849715,0,0
243,1,-348.812682230208,254.68684644927,38.594087221607,5.40177524757155,6.7133031118358,3.98613382190156,-284.624574006362,262.683644424358,27.1263718717224,8.24416471153313,12.5931241884524,-9.51948134274634,-547.274169419021,290.20569838171,59.4358718424846,69.1144429869496,179.831831635425,166.020123599387,-444.226247645248,233.479625336013,34.2126797192764,10.195058038542,44.5808565893579,43.3994650408465,0,0
244,1,-348.776670395225,254.797341906749,38.6206614470863,8.46998124645495,10.2304481103375,5.73772482984403,-284.569612908285,262.460636124436,27.0629086627707,13.1474655379577,15.8279712164753,-8.81299170303613,-546.813406465774,291.051180998095,60.5426726664805,69.8319852416148,186.725522175693,173.175963889334,-444.158280591658,233.980387299118,34.5020094862153,10.2782876045865,49.111700971292,48.0241186927049,0,0
245,1,-348.720203853581,254.900843867257,38.658912945952,12.2013304158457,14.2137217049529,7.29091357713187,-284.481963138032,262.226719202456,27.0041553847505,19.1258470851409,20.7388071620742,-8.01873405105251,-546.347859897497,291.928218487376,61.6971790924094,70.3031267146116,195.225975197058,182.128119096946,-444.089758674294,234.481437043832,34.8221702775,10.2720898074011,54.3147436452937,53.3345624172792,0,0
246,1,-348.638861650809,254.994765221168,38.7075190364662,16.5434707861067,18.6129272835163,8.52963284149446,-284.354457490797,261.978981412032,26.9506971577435,25.9793037775211,26.9510955966804,-7.17198222925042,-545.879172386066,292.838391163121,62.9113665530557,70.7925521556888,205.963272684695,193.414798436609,-444.021278075578,234.983491302095,35.1777340269486,10.3307467978169,60.4233933543186,59.5337058736486,0,0
247,1,-348.528571845568,255.077293796875,38.7643832554095,21.3955894069215,23.3440289166264,9.33661823096124,-284.181262132281,261.715646739725,26.9028839428818,33.4097879684691,34.0018523509096,-6.31759694781113,-545.407222038362,293.781200630203,64.2007985426331,71.6618351210343,219.629000060718,207.608957067745,-443.952406430259,235.487137003272,35.5746253994396,10.650577007425,67.6977778561772,66.854725607643,0,0
248,1,-348.385934582856,255.147584652519,38.8266273769492,26.6051867034577,28.2848267216193,9.6018468612133,-283.958530212491,261.436412429618,26.8607666298964,41.0218479922634,41.3901243986336,-5.50911835360264,-544.929476470888,294.753598073714,65.5848582564181,73.3737902733935,236.944939813805,225.298005770765,-443.881402583543,235.992640545374,36.0203235701572,11.4663956220511,76.4220530327314,75.5569451551359,0,0
249,1,-348.208566671499,255.205917654163,38.8906396893573,31.968251185279,33.2747885266365,9.23268474753094,-283.685051225876,261.142736748562,26.8240391742057,48.3299720164041,48.5684610379478,-4.80720422784895,-544.440317869065,295.749641138285,67.0868449615565,76.4922838117172,258.62986438124,247.059380042787,-443.804959946063,236.499769769544,36.5240365378581,13.0461251972946,86.90501822884,85.9202002482043,0,0
250,1,-347.995444996931,255.253807067657,38.9521909210075,37.233708377093,38.1185330908371,8.16538581371624,-283.362851412433,260.838050476489,26.79199114602,54.7735553540377,54.9403132530177,-4.27734195708869,-543.930369310321,296.760326801768,68.7339074951751,81.6766238382627,285.370733009152,273.432595673164,-443.717985778081,237.007644970256,37.0968378728461,15.684004103332,99.4818459665046,98.2377203124646,0,0
251,1,-347.747220274417,255.294050737263,39.0066268264323,42.1128976667035,42.5930420620114,6.37738835339619,-282.997694376739,260.5278662676,26.7634755329728,59.7400659818447,59.872948104166,-3.98678205687126,-543.385858484732,297.77363868671,70.5567914663295,89.6698330545121,317.801507482142,304.888699688752,-443.613425750725,237.51463425952,37.7517560082625,19.6929663664434,114.513584749964,112.807571412461,0,0
252,1,-347.466467623305,255.330708029676,39.0491427487883,46.2946232214023,46.4585781949643,3.89966007313625,-282.599427270194,260.219763163887,26.736896985927,62.596524271126,62.7242395556666,-4.00067206991341,-542.788059597702,298.774833848043,72.5893827975879,101.280372258447,356.48813316355,341.798296194735,-443.482139308283,238.018306148971,38.5038064843456,25.3968380335408,132.381690885402,129.922718181141,0,0
253,1,-347.157836801829,255.36899816383,39.0751404826092,49.4660260698708,49.4729582358858,0.828167534113078,-282.182117108386,259.923228698973,26.7102258387942,62.7288518886019,62.8814011811303,-4.37741421847502,-542.112857115979,299.746976989131,74.8680381055528,117.357231555121,401.915098303699,384.399566136839,-443.312827054726,238.515448401673,39.3699579388866,33.1230026353666,153.47666278386,149.859776843849,0,0
254,1,-346.828063294697,255.415113870618,39.0806615995033,51.3391358750738,51.4083415415387,-2.66659101704825,-281.763924762462,259.64934811788,26.6810430773377,59.5880062464772,59.8112904493643,-5.16333000959737,-541.330475572278,300.67171047967,77.4307018797983,138.758726075702,454.468951460475,432.767886723855,-443.092007037156,239.002157261818,40.3690231178455,43.1961275651702,178.181790461891,172.866552622475,0,0
255,1,-346.485802388863,255.475949526564,39.0628843260563,51.6824928188555,52.0690751290654,-6.3331288337757,-281.366671387486,259.410339018761,26.6466208772737,52.7411368794446,53.1264398989863,-6.38679082202387,-540.40541739844,301.530228015748,80.3158211246241,166.315804733739,514.41641903061,486.788768629726,-442.804032853389,239.473995457594,41.5214668019954,55.9334163431913,206.854217074137,199.148487459818,0,0
256,1,-346.141252436737,255.558747902703,39.0206634671644,50.3567021404621,51.308466264497,-9.83673014531803,-281.015063808289,259.218939805477,26.6040422717936,41.9253252679255,42.6915523078337,-8.05206430868211,-539.296645366882,302.304400039321,83.5610795821556,200.791175745059,581.87753071832,546.135848024799,-442.431143411101,239.926211366114,42.8491233850608,71.641667328538,239.805692537078,228.854193047833,0,0
257,1,-345.805541089134,255.670675295418,38.9550852661956,47.3522269747633,49.0419629054807,-12.7624733556253,-280.735561639837,259.087671190767,26.550361843069,27.1008550182728,28.9333486404186,-10.1332285490148,-537.958037528582,302.9779819561,87.2019852356542,242.836035042643,656.79617467635,610.255581829658,-441.953532295577,240.354005976783,44.3748180053797,90.616192296747,277.284875814959,262.060313762608,0,0
258,1,-345.489859575969,255.818340788975,38.8700021104915,42.8271811331257,45.2552712699433,-14.624367812203,-280.554889273048,259.02800095208,26.4828069860756,8.50046540522555,15.1732634643221,-12.5686121768593,-536.339130628297,303.537823483436,91.2703557811853,292.946611371065,738.911450015111,678.360091580898,-441.349424346932,240.752829356301,46.1218867637971,113.141398978968,319.462294591511,298.756056846979,0,0
259,1,-345.204345035082,256.007281368335,38.7725063250768,37.1424040806858,40.0125823269878,-14.8811479255141,-280.49821950368,259.049452471953,26.3990162382299,-13.3292705649609,20.2589411867478,-15.2563181736019,-534.386153219157,303.974990562479,95.7927563917246,351.423070410522,827.733308304888,749.429286364362,-440.595148353739,241.118684724686,48.1135938094436,139.492595271727,366.418464805754,338.827843033838,0,0
260,1,-344.956729007877,256.241440095427,38.67329867224,30.890743961703,33.4988073964448,-12.9588593046076,-280.587081307446,259.158706506113,26.2973074504059,-37.4983754373886,41.6171072314273,-18.0514668065719,-532.043332749753,304.28571117314,100.788951634154,418.333507313673,922.525638430036,822.222980838767,-439.665197718594,241.448416409485,50.3724460963359,169.938357139566,418.135351704964,382.04466639143,0,0
261,1,-344.750790714799,256.522669061514,38.586906276876,24.9173011472834,26.25696541673,-8.27987538740445,-280.837070477029,259.35875233957,26.176964338362,-62.7594239702404,66.1057112260345,-20.7658315418255,-529.254442700996,304.472063519216,106.270438173079,493.485766673439,1022.29940821833,895.303232505213,-438.532275337664,241.739958105645,52.9194105389454,204.742645005445,474.491292951384,428.044899984628,0,0
262,1,-344.584675373817,256.850291791013,38.5317071076266,20.327449527349,20.3296253550595,-0.297426949278545,-281.255466636831,259.648148301057,26.0385254614165,-87.5122215497726,90.527686373788,-23.1705217812296,-525.964537589839,304.542339190008,112.23912638978,576.409636479229,1125.81785617078,967.066583150744,-437.167324370961,241.992520085502,55.7730432055096,244.16577910502,535.259604836918,476.325431700022,0,0
263,1,-344.449159043635,257.220760687347,38.5297242612981,18.4797981687865,21.7478431788627,11.4658511491001,-281.838881447162,260.020451910395,25.8840553162083,-109.829553377298,112.639443920463,-25.0022705299786,-522.121806679978,304.511034197261,118.686236944119,666.351558432984,1231.61506419188,1035.78533824258,-435.539552510261,242.20669812387,58.9485460835098,288.463410376878,600.11125172464,526.234144958549,0,0
264,1,-344.325960389176,257.62744355644,38.6061632689588,20.9619042665054,34.4807729604243,27.3774044326739,-282.571078469678,260.463876291553,25.7173735126752,-127.505210552053,130.123832733855,-25.9737006879059,-517.679462957091,304.398445792411,125.591472532402,762.283389276723,1338.02853747419,1099.65649251397,-433.616463107748,242.384492581405,62.4567737165668,337.882757262608,668.622093444061,576.966850162239,0,0
265,1,-344.186214360733,258.060568942806,38.7886792985099,29.5474948965136,56.0716877790434,47.6547974052039,-283.421113206691,260.96122165486,25.5442155080891,-138.124111784532,140.51076096347,-25.7876654675748,-512.597573695246,304.229880785921,132.922515815829,862.925963782348,1443.24566738097,1156.85644634253,-431.363911392664,242.529232825962,66.303219384315,392.655615267574,740.285273184424,627.569799697675,0,0
266,1,-343.989231061423,258.507352890908,39.1063779478779,46.1351642099544,85.7902225767938,72.3291705544614,-284.341940618588,261.490118628126,25.3722977383053,-139.152791106181,141.233785783284,-24.1553922352329,-506.844733936697,304.034509518146,140.634892124779,966.787295632804,1545.36316690088,1205.59928774735,-428.74620729088,242.645409369981,70.4870180489662,452.987967614823,814.529222127411,676.94885692767,0,0
267,1,-343.681663300023,258.952319965333,39.588572418241,72.6699165771862,124.601046903094,101.215137771046,-285.26962589263,262.023604258048,25.2112617900704,-128.04692210122,129.728146093594,-20.8177239218159,-500.399485299145,303.843926371029,148.672220709761,1072.21426971472,1642.45777264711,1244.19616409512,-425.726287506781,242.738423134465,75.000010428484,519.046403035429,890.741501345969,723.886216000867,0,0
268,1,-343.197197189509,259.377819353932,40.2633400033813,111.050427539948,173.95042653269,133.890079670226,-286.123272039971,262.531032164442,25.072476963925,-102.371024791896,103.548047367932,-15.568281753893,-493.251390167714,303.690500570444,156.966861803729,1177.45570256595,1732.66574329111,1271.11315250432,-422.265978153212,242.81426752407,79.8259185351564,590.941943873318,968.298254680166,767.065270357014,0,0
269,1,-342.456861005909,259.764723324057,41.1559405345162,163.026372443503,235.30991847322,169.685472624459,-286.805745538584,262.979296476399,24.968688418899,-59.9241851708172,60.4931012288558,-8.27691536130555,-485.401685483941,303.605618121213,165.440949487091,1280.73375715103,1814.26799995636,1285.02506549852,-418.326365194056,242.879164011016,84.9396870042032,668.712263473074,1046.59840548248,805.103801406496,0,0
270,1,-341.370018522952,260.09328111707,42.2871770186792,230.091491467436,309.964829694067,207.692323405471,-287.205240106389,263.334325989195,24.913508983157,1.13536432690182,1.57291331239749,1.08857895143899,-476.863460436267,303.617925618247,174.007783257081,1380.31997269649,1885.77719564902,1284.86279602339,-413.868283437569,242.939175305616,90.3070456802465,752.303586018897,1125.10091894032,836.595118479335,0,0
271,1,-339.836075246503,260.344087632612,43.671792508049,313.379079225402,398.883177494071,246.781972582289,-287.197671010876,263.562781917372,24.9207661761666,82.1744941973293,83.1114852672611,12.4447373111391,-467.661327284958,303.751688551378,182.57353523057,1474.61167951764,1946.02260163164,1269.85210189664,-408.852926197443,242.999821716971,95.8843464701087,841.553779108725,1203.36252998467,860.156157589379,0,0
272,1,-337.746881385,260.49911413859,45.3170056585976,413.567174895465,502.622583310737,285.642526775939,-286.649841049561,263.633871375762,25.0037310915742,183.98596307733,185.755814948302,25.581012052206,-457.83058275484,304.025370381869,191.039215909881,1562.2043650537,1994.22846802536,1239.54213502,-403.242567670052,243.065725912847,101.618720854038,936.178242078438,1281.07241140607,874.480887340994,0,0
273,1,-334.989766885697,260.542738896583,47.2212891704372,530.800774465374,621.263791759947,322.830043178925,-285.423267962379,263.521171131332,25.1742711719222,306.712888429038,309.3305037073,40.1567503083598,-447.415886987815,304.450524587352,199.302830143348,1641.95566987015,2030.08142909629,1193.82251065344,-397.001379389529,243.140309053588,107.448593436311,1035.76014474298,1358.07949087197,878.396736155739,0,0
274,1,-331.451095055928,260.462710046278,49.3734894582967,664.637815934699,754.369133084,356.832401246661,-283.378515372852,263.204344096619,25.4419828406446,449.802916074006,453.2395187955,55.7081510130873,-436.469515855348,305.031071131297,207.261646881038,1713.03712314474,2053.78251644121,1132.92825879118,-390.096311757909,243.225557409517,113.304571677349,1139.74637719706,1434.40774020247,870.921213898774,0,0
275,1,-327.02017628303,260.250972157107,51.7523721332745,814.024477721151,900.967257099643,386.142652443967,-280.379829265692,262.670626226124,25.8133705140652,611.996422965325,616.178250499094,71.6659937890443,-425.049268367716,305.763003008942,214.814501939645,1774.97044971398,2066.0793173798,1057.43257390092,-382.498002576595,243.321873387823,119.110713103341,1247.45023983239,1510.25501684159,851.315520261041,0,0
276,1,-321.593346431555,259.904292035018,54.3266564829009,977.303520094244,1059.56570201554,409.337643637968,-276.29985311259,261.915965384793,26.2911438059921,791.350954957841,796.160964744327,87.383910818474,-413.216132036289,306.634539626749,221.864052432318,1827.6462421495,2068.2736665237,968.227851898609,-374.181667644379,243.428018786669,124.786149905082,1358.06145478863,1585.97218485315,819.131769708174,0,0
277,1,-315.077989630927,259.424628796022,57.055574107154,1152.2571014739,1228.19170926072,425.156967248242,-271.024180079537,260.945707335028,26.8737032114486,985.301659676156,990.585310873983,102.175816897728,-401.031823755293,307.626713970507,228.318904778309,1871.32391661073,2062.19994156478,866.496046217441,-365.127924612455,243.541151512103,130.247028369803,1470.66354864662,1662.02141989394,774.250558197016,0,1
278,1,-307.396275621101,258.819207589543,59.889953888809,1336.18290114204,1404.45986624772,432.576895587587,-264.455502348363,259.774747454736,27.5548753241001,1190.75492067601,1196.32988846771,115.359962409079,-388.556330977888,308.714352022632,234.095545086425,1906.61307039841,2050.16869074762,753.669861615658,-355.323500954811,243.656950422923,135.408698757783,1584.25808454482,1738.9157085168,716.905965159205,0,0
279,1,-298.488389613488,258.100274929888,62.7737998593929,1525.99972390245,1585.66312444697,430.87398027796,-256.517136210523,258.427099425529,28.3239417401607,1404.20996785362,1409.87902403333,126.306090865457,-375.845577175232,309.867377766966,239.12001083053,1934.43753586166,2034.87045232796,631.386710033456,-344.761780391179,243.769816904643,140.188071858844,1697.79466077508,1817.14513608055,647.695712063025,0,0
280,1,-288.315058120805,257.284535193046,65.646293061246,1718.37633194483,1768.8818634113,419.673478453507,-247.155736424832,256.934872104183,29.1659823459304,1621.90117764861,1627.46696159681,134.481526728305,-362.949326936154,311.052357121455,243.329255564086,1955.98448647785,2019.23624989021,501.437654677662,-333.443149319345,243.873136687271,144.506043272598,1810.20509635209,1897.09881723316,567.57504480762,0,0
281,1,-276.859215907839,256.392290897111,68.444116250936,1909.87532154693,1951.10423754764,398.978698582228,-236.343061907175,255.336690217206,30.0625258574524,1839.95230945197,1845.23236160926,139.491817940864,-349.909430359635,312.234180574438,246.672173261937,1972.6418161165,2006.25578622234,365.713747429919,-321.375115343664,243.959581722161,148.289876904649,1920.43984387662,1978.99328849177,477.833906233739,0,0
282,1,-264.126713764193,255.446332070882,71.1039742414842,2097.1026643192,2129.3502490284,369.178680780204,-224.076713177495,253.675639614219,30.9924713103915,2054.53321574768,2059.3735204465,141.111877975129,-336.758484918858,313.377777948504,249.11026491147,1985.92762198685,1998.7629525555,226.152207015613,-308.572183051154,244.021429926155,151.47543627954,2027.50444923117,2062.81807300106,380.058035894021,0,0
283,1,-250.146029335398,254.470640372506,73.5651654466856,2276.85320095702,2300.79192826997,331.033228670509,-210.37982507251,251.996859295231,31.933217163559,2262.00968495278,2266.29511119781,139.3044012906,-323.518967438946,314.449759793313,250.617946291574,1997.41594179161,1999.21033345878,84.6847854404189,-295.055486722946,244.050880449783,154.009156518834,2130.49384397458,2148.30672974992,276.075688671045,0,0
284,1,-234.967007995685,253.488989777042,75.7720536378223,2446.24293099439,2462.86264847565,285.636040822047,-195.299760506158,250.344936032625,32.861913172163,2459.07799182551,2462.73842222632,134.223568828997,-310.202861160335,315.419888083672,251.182511527843,2008.66292018794,2009.46611165831,-56.8095675499236,-280.852194429782,244.040343823872,155.849661109974,2228.62241720007,2234.93754029292,167.892616168429,0,0
285,1,-218.658721789055,252.523536036277,77.6762939099693,2602.82028866942,2613.34982432679,234.358377703264,-178.905907227322,248.761279484964,33.7567369643564,2642.87730220464,2645.88884347388,126.203555857462,-296.811775025749,316.262293349398,250.803781077511,2021.13732890679,2030.67142325764,-196.545991907051,-265.994711648448,243.982689700318,156.968945217763,2321.24815403372,2321.96315877039,57.6187303056756,0,0
286,1,-201.306586531259,251.593490646361,79.2386830946577,2744.65054103339,2750.46684610753,178.777177351746,-161.286725212624,247.281663686227,34.5980940034061,2811.07509167013,2813.45646439042,115.732908077202,-283.33752616637,316.956374864515,249.493474464797,2036.15888031549,2063.18779215063,-332.867661078329,-250.51972395489,243.871439579547,157.353070086468,2407.88961135612,2408.46427199323,-52.6095902964911,0,0
287,1,-183.008916257703,250.713971283278,80.4305309436693,2870.36974143385,2872.90185043841,120.592660280154,-142.54622460149,245.934113544839,35.3696467239208,2961.92293977079,2963.72782704918,103.417269763001,-269.763133630934,317.487343554857,247.274356724275,2054.8471119737,2106.64301013433,-464.271599994198,-234.467126545849,243.70089743534,157.002339484491,2488.23507406786,2493.41946464594,-160.70732047347,0,0
288,1,-163.873117981478,249.895109794796,81.2344820122037,2979.20705870041,2979.84261522344,61.5411479529996,-122.800071669685,244.737292875396,36.0590951890075,3094.2822077024,3095.58888056532,89.934067938788,-256.064152884443,317.846392146539,244.179212724313,2078.08284301189,2160.05820766696,-589.426126065882,-217.87889271873,243.466216962794,155.930957348001,2562.14383357494,2575.78236681247,-264.714520296774,0,0
289,1,-144.011737590142,249.141481704327,81.6447563318903,3070.97654496506,3070.97832772172,3.30901963520276,-102.171523618335,243.699515309907,36.6586556419327,3207.62099612467,3208.52083400928,75.983468542514,-242.210267264363,318.030502015103,240.249705217208,2106.48337497864,2222.02070210047,-707.180169052883,-200.797933828231,243.163409734112,154.166193879356,2629.64008913057,2654.55756611535,-362.862058443163,0,0
290,1,-123.538560623708,248.451899128634,81.6668164627917,3146.0413191528,3146.48011602067,-52.5465383902052,-80.7873836441707,242.818454174746,37.1652120988828,3301.985276448,3302.57181676548,62.2401720291297,-228.167044764506,318.041919508475,235.535170756855,2140.39178731243,2290.86352332497,-816.565171499727,-183.266999900693,242.789303347832,151.747113489735,2690.90043489819,2728.86820079335,-453.625954687244,0,0
291,1,-102.564951829356,247.819583737604,81.316506206857,3205.25460628369,3206.96302729452,-104.665024393339,-58.7741484678507,242.08157590128,37.580146579077,3377.9481332055,3378.30802432908,49.3104108659097,-213.897766182423,317.887354678633,230.091402946857,2179.87990832093,2364.82165682437,-916.790627070473,-165.327663668039,242.341462299624,148.722940458487,2746.23621903052,2798.01008335592,-535.767725648293,0,0
292,1,-81.1965877874647,247.232709795065,80.6187393775681,3249.8830237168,3253.43260745665,-151.934404989704,-36.2544942464807,241.467268056295,37.9088826515164,3436.54165459298,3436.74841609019,37.697901078927,-199.365233460283,317.57697110977,223.979465433054,2224.76386263852,2442.14981234552,-1007.23456128004,-147.019422207835,241.81808652404,145.151155620832,2796.07222384064,2861.48922516851,-608.359026252036,0,0
293,1,-59.5307009626861,246.675281383229,79.6058433443034,3281.51793900775,3287.21944991297,-193.524489035562,-13.3442165491942,240.946582001334,38.1602019920426,3479.1762210928,3479.28713863486,27.7815703724212,-184.533474376026,317.123245967262,217.264568357853,2274.6305302298,2521.19989389965,-1087.43039131068,-128.378940715564,241.21790324971,141.095428779151,2840.92311829022,2919.04148957517,-670.789873079029,0,0
294,1,-37.6539147026344,246.128284536145,78.3156800840663,3301.98068244015,3309.90511813601,-228.90055451005,9.8502915914245,240.48546558677,38.345412461192,3507.55185508824,3507.60777784694,19.8067432802112,-169.369270841161,316.539784009625,210.015032415782,2328.87281435107,2600.46477473392,-1157.05162339823,-109.439453260296,240.540067023889,136.623496291958,2881.3689957336,2970.63467695482,-722.760744888392,0,0
295,1,-15.6407101530334,245.571035916054,76.7896763873326,3313.22696013071,3323.24278875416,-257.817267981662,33.2339706253461,240.047326593812,38.4774574163935,3523.56600124389,3523.59337941189,13.8902236622265,-153.843452078821,315.840168033016,202.301354926461,2386.73131207442,2678.59830561971,-1215.89577136869,-90.2303266220722,239.784080681219,131.805091326035,2918.03106703263,3016.45460248871,-764.259812307144,0,0
296,1,6.44746958117135,244.982636292177,75.0708946007882,3317.25508480542,3329.07587064429,-280.29422904987,56.7244106336387,239.595745396712,38.570058907475,3529.22169173507,3529.23596839656,10.0384864727943,-137.931909998324,315.036921406493,194.195383117336,2447.33981006748,2754.4212291937,-1263.86872810897,-70.7767861751881,238.949746945823,126.710025910654,2951.54827706322,3056.87766592063,-795.527392721014,0,0
297,1,28.5625034798741,244.343430449005,73.2022664071224,3316.02173399139,3329.25775947995,-296.575603774455,80.2525552452059,239.097146995741,38.6369821506269,3526.53957534933,3526.54905551902,8.17707020213625,-121.616311264541,314.140646743202,185.76959159661,2509.77198479501,2826.9205786782,-1300.97061553764,-51.0997976614333,238.037156618603,121.406509959181,2982.55529885995,3092.43304212146,-817.01040950959,0,0
298,1,50.6693150398167,243.636375780458,71.2250957152927,3311.36796682335,3325.57577500976,-307.077227465534,103.762819080868,238.523248481663,38.6914959519745,3517.4767945565,3517.48632533419,8.1883251979761,-104.884498032575,313.159389392764,177.096454159692,2573.08676173929,2895.24749101041,-1327.28389983609,-31.2160956690336,237.04671528728,115.959773895784,3011.66207748417,3123.75795313213,-829.310123415816,0,0
299,1,72.7451014853058,242.848229662788,69.1779141988558,3304.95727083495,3319.68215501888,-312.325228417409,127.212664377911,237.853117309991,38.7460847866277,3503.85519754551,3503.86933646173,9.95397559181512,-87.7305862876459,312.098256615935,168.247894827451,2636.36997237776,2958.7158968293,-1342.96430589027,-11.1383484858058,235.97920656268,110.431039739678,3039.43487891195,3151.54953133958,-833.126680247488,0,0
300,1,94.7781499575388,241.970480088797,67.0957460094064,3298.22653508343,3313.03468592869,-312.890641340036,150.571699028215,237.074706631466,38.8124446239064,3487.30087393131,3487.32661301412,13.3985265761321,-70.1547864717942,310.959304417983,159.29479945485,2698.77022896714,3016.80258830376,-1348.23481190663,9.12455070694054,234.835886301307,104.876861871362,3066.37866875829,3176.51657437918,-829.204080483071,0,0
301,1,116.766326858095,240.999963767196,65.0098084004729,3292.35009728651,3306.8490895359,-309.324648002612,173.82037152109,236.18577363714,38.901768134414,3469.19649431173,3469.24597789039,18.5294080813847,-52.1629849453466,309.741685484628,150.306567375472,2759.52730283319,3069.14779331556,-1343.38276084366,29.5670751653292,233.618599365938,99.3488346681411,3092.92060846271,3199.33406597207,-818.279032748615,0,0
302,1,138.715327506672,239.939139249025,62.9476440804554,3288.21641076386,3302.06465400225,-302.099015546549,196.948348149835,235.194132116543,39.0252975216232,3450.64740335042,3450.74140113197,25.4698888334705,-33.766136259792,308.442034793853,141.350682303181,2817.99172741263,3115.55456264316,-1328.75989442812,50.1865458884139,232.329908373765,93.8936411164837,3119.39450645704,3220.60275119407,-801.036824424726,0,0
303,1,160.636770245097,238.796007624499,60.9336506434785,3286.41642646554,3299.32384544656,-291.556013468737,219.952664172171,234.117237556095,39.195096780513,3432.46185599101,3432.6350441784,34.4812077566306,-14.9795247437078,307.055055376852,132.492283006994,2873.63483623558,3155.98491897414,-1304.78490057387,70.9825092647942,230.973222684209,88.5533956203189,3146.02618177304,3240.81538026441,-778.076855173628,0,0
304,1,182.546213088201,237.583697805143,58.9899438870202,3287.24248006009,3298.96585963686,-277.87158965596,242.835743212111,232.981148465936,39.4249714988906,3415.14519894509,3415.45459133216,45.9710297278548,4.17804083119601,305.574256197866,123.793717003168,2926.04896950682,3190.550728554,-1271.94786824167,91.9560171432812,229.552915619006,83.366216585828,3172.91986307666,3260.33054512247,-749.889862547963,0,0
305,1,204.461162955268,236.319755337885,57.1374666226471,3290.69630083524,3301.03337680602,-261.034883600995,265.603377871745,231.818947849294,39.7314450304096,3398.90720019359,3399.44535725036,60.4862083715787,23.6850339612415,303.992787704754,115.314064548223,2974.93811980765,3219.49755712668,-1230.81586911286,113.108816230459,228.074418559828,78.3669508355083,3200.04592948484,3279.35439161342,-716.848153364265,0,0
306,1,226.39913829417,235.025191378754,55.3972340653072,3296.50470058236,3305.29123723035,-240.846262063964,288.262759206369,230.668741018903,40.1346864195535,3383.68114744564,3384.59599493466,78.6888896141729,43.5179547599591,302.304318396186,107.108625420804,3020.09981489827,3243.18030247487,-1182.03873981035,134.442455760358,226.544282053238,73.5879631464132,3227.23047381404,3297.92994150933,-679.209369774685,0,0
307,1,248.375836298052,233.723360668066,53.7915923182141,3304.14153674383,3311.25536426045,-216.934996041868,310.820633522674,229.571368308713,40.6592790169813,3369.15281375141,3370.67584437027,101.316165601534,63.6519535259476,300.503897528984,99.2283671554019,3061.39953027149,3262.0301177782,-1126.35403197467,155.957325585785,224.970196236114,69.0599006812486,3254.14731157225,3315.93332476904,-637.133493783648,0,0
308,1,270.403446543011,232.438743485737,52.3453590112683,3312.85465384739,3318.2299604792,-188.796485940456,333.281652281016,228.567982549428,41.3347201209915,3354.79697294825,3357.28103157068,129.124727459754,84.0612837277575,298.588754306723,91.7193402755707,3098.73936336456,3276.51302479555,-1064.59004296953,177.651640996266,223.360965593571,64.8123440560243,3280.31315416084,3333.07590767826,-590.711957712552,0,0
309,1,292.489144235327,231.195706649892,51.0867157716653,3321.69666940006,3325.35069525308,-155.847627241,355.646965434005,227.697641380557,42.1955516373899,3339.91888684813,3343.88539924717,162.823194212368,104.719546150188,296.558991758313,84.6220733224405,3132.02306464499,3287.08162771162,-997.665850759211,199.520395357339,221.726436051322,60.8742643379406,3305.08670398795,3348.911104628,-540.006912754632,0,0
310,1,314.633788697994,230.017313266279,50.0477315900586,3329.55866399455,3331.63121784722,-117.497552114675,377.913091346326,226.99505440322,43.2810395988056,3323.69811840808,3329.89136922478,202.995932294799,125.599699914488,294.418143087251,77.9709676507125,3161.11979078132,3294.12241353103,-926.587364287957,221.554306717258,220.077375435563,57.2742182529097,3327.67241081452,3362.84458374958,-485.097949653211,0,0
311,1,336.830846457958,228.924241225061,49.2644145759608,3335.20603979589,3336.0098787602,-73.2296613039868,400.071078802379,226.488606476887,44.6343458141043,3305.23217162619,3314.67513930836,250.023140521236,146.67383185303,292.173568549343,71.7937185554594,3185.82910819124,3297.90215549049,-852.438572913155,243.738789456022,218.425311155599,54.0402319218883,3347.12955574321,3374.14663535389,-426.132906427393,0,0
312,1,359.065553389931,227.933857770709,48.7762168339342,3337.3160066739,3337.39313678058,-22.6896678744065,422.105959946554,226.198753355712,46.3011667509126,3283.57781699214,3297.62049190456,304.002678254621,167.912692574305,289.836680951361,66.1107947360384,3205.84982160957,3298.51776927304,-776.367435880658,266.05298649431,216.78233135346,51.199345879039,3362.38720716373,3381.96569241254,-363.378884577953,0,0
313,1,381.314326767757,227.059483360379,48.6249523814381,3334.51632157372,3334.69197350662,34.2265880266009,443.996478726502,226.136856902032,48.32785127261,3257.78850144543,3278.13621619168,364.679491824545,189.285024718369,287.422996854313,60.9350118301673,3220.75512543646,3295.85443086159,-699.566188008468,288.468901208735,215.160857549937,48.7768199818527,3372.26542689246,3385.34239512215,-297.269276577964,0,0
314,1,403.544435578248,226.309863936209,48.8531296349488,3325.42502620628,3326.84797076902,97.2924236046911,465.715068736138,226.30449692216,50.7590478847737,3226.94690797525,3255.65391026134,431.388498350257,210.756725554612,284.952017936519,56.2712372434442,3229.97637169648,3289.55669206397,-623.246234312956,310.950670721351,213.573397899954,46.7950248046662,3375.50289808672,3383.22417306562,-228.44253155602,0,0
315,1,425.713935752957,225.688857905968,49.5017457923134,3308.69098529261,3312.84673069777,165.883769363726,487.22804812264,226.693267664051,53.6349712071087,3190.19244447138,3229.60575407028,503.016395320854,232.289901365922,282.44695242288,52.1162623480245,3232.79741595893,3279.0166411787,-548.608239544504,333.454023375263,212.032290538591,45.2720745942928,3370.79090036589,3374.48103020304,-157.76859386667,0,0
316,1,447.771875654907,225.195333455152,50.6076375880716,3283.03501102604,3291.71811279325,238.933569153444,508.495997752449,227.28504121081,56.9884138425811,3146.74411317127,3199.38550092756,577.987084429595,253.841884138981,279.934290011941,48.4588740843945,3228.36104255875,3263.38188475892,-476.808456994726,355.925962711035,210.549446222703,44.220283968515,3356.81327157249,3357.92395654675,-86.3594681860672,0,0
317,1,469.658775728414,224.823263803167,52.2005280490946,3247.2912635325,3262.52521519989,314.913050857815,529.474291840257,228.052658848931,60.8416610721117,3095.91974829555,3164.29990616413,654.274260737778,275.364291089373,277.443245604038,45.280151037763,3215.6883874678,3241.58443045242,-408.922748763494,378.304717854852,209.136098694168,43.6445541806079,3332.29167002911,3332.32800383687,-15.5612020742371,0,0
318,1,491.307384151964,224.562002763198,54.2999483881467,3200.44844372812,3224.34679780142,391.844397089665,550.113756828894,228.960995790231,65.2034894770302,3037.15292906363,3123.52131524842,729.44327558173,296.802213672492,275.005087850885,42.5539993793397,3193.7115811464,3212.38967967738,-345.910090267808,400.519995655046,207.802570101447,43.5408128334463,3296.03508970118,3296.46237539937,53.0742864498286,0,0
319,1,512.643707110152,224.396720207527,56.9122443687444,3141.69005464001,3176.26038423478,467.347439316071,570.361443022652,229.968334532413,70.0664446475751,2970.00892196498,3076.05426492553,800.72270119868,318.093624213468,272.652368751506,40.2479321108876,3161.31904250179,3174.46296476888,-288.577591307442,422.49356291972,206.558057628839,43.8946414097785,3246.99219330392,3249.12973458467,117.837722252558,0,0
320,1,533.588307474418,224.308976241551,60.0278939641849,3070.43271986489,3117.33492838406,538.720677630233,590.161502502418,231.027977215689,75.4045959888996,2894.200759795,3020.72893334208,865.104184900314,339.169084496813,270.418070890384,38.3240815021714,3117.41199709551,3126.44961118328,-237.549177294098,444.140177541747,205.410446396798,44.6802262247955,3184.30463327093,3189.21623716271,176.929957642983,0,0
321,1,554.057858940184,224.277413350706,63.6193651483864,2986.3612421718,3046.64208611323,603.0543359686,609.456174234385,232.090026669981,81.1719572215684,2809.60604865018,2956.23175764094,919.467267646429,359.951831144116,268.334690050467,36.7404203202107,3060.96990895676,3067.06349732363,-193.240040044236,465.368875096886,204.366152863628,45.8597592757487,3107.35915471874,3115.75254730459,228.545443228849,0,0
322,1,573.966933887996,224.278546756226,67.6397273881771,2889.45879737759,2963.29345485725,657.370487516068,628.186881225386,233.103268258409,87.3017390058779,2716.28437522506,2881.17880756012,960.723953090462,380.358297203828,266.433273244214,35.4521533865825,2991.12165996511,2995.17854406944,-155.838782533462,486.084602795011,203.430002453329,47.3833955639411,3015.8359532056,3027.98442809338,270.967156918484,0,0
323,1,593.22999253718,224.287634004939,72.0221973049509,2780.03042942104,2866.50772162879,698.782748535292,646.295443726887,234.017088826442,93.7065653598143,2614.4943708489,2794.23148721483,985.97605901066,400.299108270262,264.742435816771,34.4132281696927,2907.21854975925,2909.91743845983,-125.298853100815,506.190175816382,202.605144932822,49.189843276731,2909.75053391204,2925.44963448756,302.667134525663,0,0
324,1,611.763528733321,224.279604867539,76.6807489618528,2658.71788472647,2755.7070642714,724.665877153676,663.725406199213,234.783373881711,100.279739086552,2504.70870575907,2694.24815267536,992.676889772953,419.680565268657,263.287385978469,33.5779024823539,2808.90459647135,2810.73209513148,-101.340409138316,525.588512709129,201.893011037141,51.2076241735687,2789.48623043926,2808.05607350344,322.405772481349,0,0
325,1,629.488314631497,224.230031558082,81.511854809544,2526.50383857503,2630.63732640882,732.824055801238,680.423464237606,235.358328635205,106.897585018372,2387.62467272292,2580.46059703093,978.787676175995,438.406595911799,262.088990371465,32.9022997547652,2696.17926989031,2697.47080799637,-83.4631931234686,544.185087578724,201.293313776368,53.3569959901111,2655.81463043042,2676.15483709316,329.322578771723,0,0
326,1,646.331673555331,224.116116955679,86.3973485148856,2384.70375869492,2491.50251679822,721.645878861774,696.340962055759,235.704172168938,113.422836192878,2264.16769358319,2452.66202020494,942.918681907368,456.381124377735,261.162919229809,32.3458784672754,2569.44775273038,2570.42769748913,-70.9703741574389,561.89051844826,200.804097480691,55.5524798485892,2509.9014531481,2530.60101364094,323.011123222727,0,0
327,1,662.229698613297,223.917674966029,91.2083210406308,2234.94404621445,2339.1020093492,690.234250404914,711.435413346314,235.790656592307,119.708960738928,2135.48513164478,2311.39345687922,884.445003959066,473.510776062604,260.518913330145,31.8727426395591,2429.55415475405,2430.3709024029,-63.0026377543725,578.623194802581,200.421836675046,57.7058873367407,2353.29594864726,2372.79530415609,303.571628294808,0,0
328,1,677.12932558806,223.618072680408,95.8098827099969,2079.12569910918,2174.95900315921,638.500581618437,725.671980890612,235.596364814447,125.605260765321,2002.92825447055,2158.11845113053,803.587989303978,489.707803760964,260.16021619071,31.45272505453,2277.79382446784,2278.54700534598,-58.5811299590437,594.311834460229,200.141585109429,59.7296981920394,2187.90263765763,2204.70044099078,271.635937673463,0,0
329,1,690.990163582121,223.205099058281,100.06655325412,1919.37354296882,2001.43135322045,567.214830734486,739.024835920416,235.109742000571,130.962514027348,1868.02104627203,1995.38005850494,701.45487992025,504.893095924083,260.083212937576,31.0621841881363,2115.90200537425,2116.66042072308,-56.657217623453,608.897852044613,199.957172616319,61.5406044431959,2015.93516031925,2028.82811369754,228.361433517395,0,0
330,1,703.785987201913,222.67172016299,103.847985459016,1757.97202600984,1821.80001651927,478.005916235843,751.478309562229,234.329817612282,135.638879893483,1732.41573949721,1826.93762882302,580.031727711356,518.999109293245,260.277311313687,30.68446940398,1946.0175201645,1946.82789684571,-56.1664592931182,622.337419780075,199.861444008909,63.0630139999785,1839.85309890666,1848.194262112,175.392716346214,0,0
331,1,715.505800708645,222.016677377452,107.034691567255,1597.28961042006,1640.33378428708,373.310627115922,763.027747825544,233.266577973705,139.505758078225,1597.83629337567,1657.87746031453,442.127643323136,531.972559427675,260.725090318255,30.3100263420259,1770.62184831989,1771.50984070551,-56.083740680257,634.603107106119,199.846530257037,64.2322987756199,1662.28380809468,1666.24270097405,114.792333783764,0,0
332,1,726.154398111446,221.24488349577,109.523429081361,1439.69481875005,1462.3259019713,256.273042750188,773.679989781382,231.940954373309,142.453275700379,1466.01242939172,1494.66776242685,291.271826490392,543.776705083141,261.402728344411,29.9361347374908,1592.4557657591,1593.42178413025,-55.4762673708785,645.684999160084,199.904138152492,64.997581000845,1485.93243044775,1486.73828731223,48.9443265738259,0,0
333,1,735.752363569779,220.367573127102,111.231916033029,1287.46790778955,1294.07497931164,130.600300506668,783.453405977327,230.384399522995,144.395087876982,1338.60806285069,1345.05827270322,131.568275197647,554.393076854868,262.280706399575,29.5662929550183,1414.41748784208,1415.43086983999,-53.5510726550847,655.591215363069,200.025841207955,65.3238765113372,1313.48428988309,1313.6299729357,-19.5633848136318,0,0
334,1,744.335482955043,219.402169351991,112.102584703074,1142.71283864655,1142.71290314748,0.383942823251715,792.377459729665,228.638036291045,145.272209711633,1217.14888123427,1217.5822733148,-32.4837374789212,563.822526773815,263.324764471639,29.2092858039844,1239.44783430273,1240.44363836962,-49.6939233097232,664.347777295623,200.203352277941,65.193453945913,1147.50464092846,1150.87932352423,-88.0699515341959,0,0
335,1,751.95356854602,218.371838668908,112.105144321895,1007.27459940703,1015.64189841995,-130.101295979273,800.49178560456,226.751377305596,145.055651461774,1102.95428616536,1120.26770734751,-196.192708210849,572.085512335834,264.497072042477,28.8779929819196,1070.40915550919,1071.29256004711,-43.4970000621034,671.997808235146,200.428757936166,64.606320935685,990.34122246947,1002.23980544848,-153.976916137079,0,0
336,1,758.668732542067,217.304721174419,111.2378023487,882.666949952375,919.210805126774,-256.607793575302,807.844814178996,224.780632304733,143.747700073701,997.078864147977,1058.35364577286,-354.888966002171,579.221573372561,265.75755887275,28.5880129815056,909.965485872857,910.629661147286,-34.7734709426154,678.600083051609,200.694696402895,63.5798081614378,844.035163838083,870.958182005032,-214.878563394143,0,0
337,1,764.553178875083,216.232842303076,109.527083724865,770.015265348945,856.527238919085,-375.120516820854,814.492006606649,222.786641661479,141.381773633687,900.267974203484,1031.81199458956,-504.136456529811,585.288009945047,267.065340983905,28.3561898418881,760.471525991653,760.836330445853,-23.5580109991814,684.226984143863,200.994464923048,62.1472844054769,710.24549280836,759.366022122897,-268.67842395727,0,0
338,1,769.686613977409,215.190735354298,107.026280279393,670.018361238516,825.403832935368,-482.044482415938,820.493793101339,220.832498595444,138.020863923488,812.930994732778,1034.58504735337,-639.929228907349,590.357820118325,268.380170299273,28.1991364352269,623.877560905731,623.95920307119,-10.0933688900046,688.961954095919,201.322048750927,60.3560949124284,590.191805977275,668.374298506007,-313.68429202094,1,0
339,1,774.153403052332,214.213828850109,103.81265039662,582.932037384188,818.35346206011,-574.362802292147,825.913333066224,218.980947950689,133.754669064106,735.134368901436,1056.54740539417,-758.860909195513,594.517003857696,269.663835164886,28.1318473092936,501.656324365996,501.683231477839,5.19586081852452,692.896566135767,201.672071757109,58.2648662989555,484.61861892701,597.017721737857,-348.676001838869,0,0
340,1,778.039616634894,213.336677313388,99.9835650480054,508.575655621149,825.125914452905,-649.75655226497,830.8142288589,217.291674236286,128.695596336136,666.614977783632,1086.72981751757,-858.257634790572,597.86137935347,270.881442858002,28.1664863814171,394.756211631238,395.35439819294,21.7401368223493,696.127356928614,202.039677297869,55.9403596200297,393.783580558818,542.357481485978,-372.942528288327,0,0
341,1,781.430121005701,212.591135710361,95.6518546995723,446.361487587302,835.844761912927,-706.68089574866,835.258328710791,215.818613446557,122.973878770865,606.812721998563,1115.71458481167,-936.26777963474,600.493087431011,272.00252361175,28.3114206268994,303.583277183043,306.061522437017,38.8696453710164,698.752580799006,202.420356339128,53.4540760981075,317.470201736637,500.005348862655,-386.287483489388,0,0
342,1,784.405864256283,212.004593749331,90.9406487279145,395.344958093619,842.865366726187,-744.395318722803,839.303746857448,214.60743904541,116.7320935733,554.919670944258,1136.57884244242,-991.905047818021,602.516975945565,273.001907689917,28.5705515960395,228.012319865633,234.755897152609,55.8633443092955,700.869048810584,202.8097468024,50.8788262081782,255.024123116482,465.147092406175,-389.004516943683,0,0
343,1,787.041497310241,211.598393793174,85.9780132697625,354.292412603087,841.198278621238,-762.949166279915,843.00321133041,213.693379222484,110.119393254513,509.94188628697,1144.88325914373,-1025.04485251995,604.037058078002,273.860341504989,28.9429738914348,167.425262604115,182.249942169297,71.9987698690424,702.56920963136,203.203432684663,48.285462761887,205.410357363195,433.572032908989,-381.826259977962,0,0
344,1,789.403446727595,211.386553183369,80.8916854945631,321.761787100633,828.186514054981,-763.126630661222,846.402823905656,213.09951715302,103.28576090438,470.769147974528,1138.28860365036,-1036.37703299312,605.153226495363,274.564824519629,29.4229656905617,120.773171831183,148.612130471955,86.5991125199844,703.938612013781,203.596772919628,45.7399543620339,167.287520734919,402.284577773012,-365.852110722864,0,0
345,1,791.548525308266,211.374897094798,75.8041746234883,296.190670819851,802.981156448929,-746.357705213355,849.541284892153,212.835706424627,96.3765806844262,436.24736721498,1116.10906900633,-1027.32063569081,605.958380974238,275.108664609002,30.0002931073616,86.6567923721504,131.625036203825,99.0744694228955,705.053862152014,203.984787778104,43.3009402905482,139.093946112774,369.630652599235,-342.461229186185,0,0
346,1,793.523129780398,211.560681757181,70.8284565887326,275.985809676234,766.045671777596,-714.603249437435,852.449600673586,212.898199459076,89.5277764464874,405.248478060372,1078.90840448808,-999.908503966625,606.536092923385,275.491264712011,30.6607895701809,63.4195035582593,126.06817581158,108.954814124404,705.981155126099,204.362124876123,41.0178654293069,119.139850128118,335.111253387895,-313.217573355416,0,0
347,1,795.36303517824,211.932751624577,66.0644349258163,259.608142281274,718.745760367645,-670.223157245205,855.151257193989,213.270039121415,82.8617197533766,376.733034670173,1028.15772007735,-956.650677072285,606.958889613774,275.717667125722,31.387154997677,49.2461782308908,125.940512502521,115.91301315663,706.77542079362,204.723118066347,38.9297482736042,105.699480701207,299.074738237846,-279.773692171961,0,0
348,1,797.093756126781,212.472230989945,61.5962805441816,245.647986221019,663.021715424934,-615.836716988019,857.662810758457,213.922206463728,76.4840485728947,349.801549069991,965.948347841555,-900.386076617172,607.287197468646,275.797893007266,32.1599084187212,42.2615358990242,127.014117987318,119.777079408173,707.480083998295,205.061941560524,37.0645903257911,97.0974204963966,262.404834246153,-243.779383805721,0,0
349,1,798.731409368255,213.153704995086,57.4907024309282,232.885948440287,601.128468710396,-554.183697805316,859.99482108559,214.815456354041,70.4814747287802,323.731700989288,894.750210379846,-834.131719064418,607.568941041307,275.746123007979,32.9584222814423,40.6221630135008,127.192967635523,120.531700759741,708.127400134937,205.372849836213,35.439394433753,91.7839375794813,226.253558071503,-206.800341736712,0,0
350,1,800.283982357857,213.946802039793,53.7961444455594,220.336426555474,535.430601791805,-487.993635683805,862.153032425519,215.902714503525,64.9205966016841,297.999832352662,817.208858969533,-760.937854950108,607.839755461397,275.579770123882,33.7619669531739,42.5973297575695,125.744791335308,118.309847626835,708.739293052134,205.650482675115,34.0607254888415,88.3953794510489,191.830745055004,-170.250672950397,0,0
351,1,801.752891868227,214.818054297953,50.5428535410007,207.27207113282,468.24354048246,-419.869386514259,864.139697974536,217.131861253705,59.8476775686834,272.286485035767,735.977175587842,-683.75615028541,608.12373765978,275.318497661409,34.5506992706862,46.6349459726814,122.592457136461,113.375889680655,709.328595581808,205.890205513793,32.9257210025056,85.796983911024,160.245209773494,-135.34180731438,0,0
352,1,803.134705675779,215.732889681041,47.7437242975723,193.229145731249,401.714938835669,-352.189422504023,865.954941208108,218.448695597537,55.2893032334473,246.467027489302,653.579460895991,-605.326454126764,608.434637299598,274.983233770977,35.3065385352239,51.4103446322451,117.901145889991,106.102104912988,709.900575474548,206.088449399404,32.0234422870764,83.1069882519273,132.385254236267,-103.048940037707,0,0
353,1,804.422899980654,216.65759998385,45.3957948142121,177.995200950983,337.741761175704,-287.031715461002,867.598054724703,219.799861454698,51.2537935392689,220.589526714997,572.306346858603,-528.085992389775,608.77737293048,274.595229604598,36.0138859013104,55.8569412519716,111.881645814365,96.9407282008174,710.454622062894,206.24301307114,31.3364493534916,79.7024079536811,108.823352463682,-74.0948595235853,0,0
354,1,805.60953465366,217.561137031603,43.4822500444721,161.581733217304,277.919293187816,-226.120492252487,869.06865156947,221.135528627672,47.7332202566704,194.842860032173,494.139038020173,-454.103125721443,609.149752538826,274.175201323089,36.6601574226492,59.1790883019883,104.718895324568,86.393764507303,710.985971449252,206.353292332932,30.8424836233344,75.2081888165264,89.734962911026,-48.949891762709,0,0
355,1,806.686746208442,218.41661029278,41.9747800961222,144.185420845378,223.518732840213,-170.795750374932,870.367603969685,222.411651549239,44.7058660851941,169.518561799435,420.701117191499,-385.036215454632,609.544279794173,273.74258758732,37.2361158526979,60.8485425026402,96.5657839544769,74.9827013786987,711.487359374695,206.420408652549,30.516151011583,69.4725003865301,74.8452863034051,-27.8457998966138,0,0
356,1,807.647982347411,219.202392629677,40.8361417602893,126.142054277312,175.490320803594,-122.004241067464,871.497727715014,223.591675581272,42.1389579821632,144.970040274791,353.235760408075,-322.116733271956,609.949936744191,273.314944581449,37.7360005285559,60.5868313770884,87.5644657072437,63.220024662122,711.950509377272,206.447218970697,30.3305123456056,62.5316597304902,63.4575989306548,-10.8008515124519,0,0
357,1,808.488929375927,219.902781259256,40.0227801531729,107.877388823675,134.488578570316,-80.3096927303901,872.464194650179,224.647616959981,39.9915130936835,121.572598487222,292.605801348603,-266.154575913928,610.353848953371,272.907490812502,38.1574673596367,58.3364101110646,77.8720531496026,51.5841052756389,712.367387108809,206.43820076056,30.2585066688559,54.5685226232933,54.6189751204556,2.34707944477108,0,0
358,1,809.208111968085,220.508203560771,39.487382201637,89.8588791514669,100.911873929142,-45.9193656046448,873.274678640094,225.560501343449,38.2171492542573,99.6872074442251,239.313680770885,-217.562631157286,610.742758354112,272.532804624279,38.5013613948076,54.2238311745507,67.6783732291569,40.4986214049181,712.731177259631,206.39921894476,30.2741538651544,45.8681659016577,47.3873417910217,11.9025845444224,0,0
359,1,809.807171162428,221.014997187543,39.181253097606,72.5516762699556,74.9287567213705,-18.7235908476417,873.939260023056,226.320200434289,36.7667317132087,79.6302938077133,193.537806809074,-176.396992526981,611.104250561942,272.200669140589,38.7713522041738,48.518219417781,57.2114771284592,30.3172475622091,713.036965032309,206.337192852586,30.3535044287839,36.7743578878162,41.0640517224261,18.2730114048258,0,0
360,1,810.290849004228,221.424826934742,39.0564291586217,56.3814757986279,56.4057684786555,1.65526566944116,874.47012864844,226.924750760123,35.5907517630289,61.6510128039977,155.180936127955,-142.40883244304,611.427705358061,271.918052628531,38.9734671879218,41.5881844442254,46.731788286274,21.3139144942037,713.282127418227,206.259690696998,30.475324504816,27.6497467544573,35.2904892842588,21.929663434188,0,0
361,1,810.666725509552,221.743824211226,39.0674642630847,41.7059059771077,44.6012896442325,15.8079867332109,874.881135400467,227.379269805308,34.6413595467419,45.9166731934431,123.924276710833,-115.103803069879,611.704959921022,271.689207274578,39.1155599512165,33.8599531374996,36.5184775779392,13.6785517558248,713.466459063257,206.174485153137,30.621522261044,18.841976177049,30.0212535066392,23.3721114975394,0,0
362,1,810.944764882732,221.981547508981,39.1728508413061,28.7952352804211,37.795461661547,24.481244808111,875.18724655509,227.694600909396,33.8740008596094,32.5062425445253,99.2774854084977,-93.804921537577,611.930692941939,271.515866142425,39.2067502962554,25.7790194619929,26.8528681517083,7.51789089779962,713.592072237771,206.089106072733,30.7773363376942,10.6571514297798,25.4373387761575,23.0972580064334,0,0
363,1,811.136733117935,222.149864157501,39.3360591400268,17.8223468675014,33.631588524589,28.5210045198575,875.40395483872,227.885820312786,33.2486347160255,21.4112440883127,80.6107415298783,-77.7151869108447,612.102553071685,271.397516527311,39.2568695689073,17.7770401968473,18.0057340824764,2.86064707514342,713.663119913969,206.010425182876,30.9313180577371,3.34130602182086,21.8314209164117,21.5742117653944,0,0
364,1,811.255548763719,222.26184626377,39.5261991701592,8.86123231214242,30.150815230843,28.8192682244826,875.546696465976,227.97072961634,32.7305334699533,12.5428938902246,67.1583296891709,-65.9766402562145,612.221066672998,271.331727818437,39.2759405494083,10.2451066407752,10.2505424419679,-0.333781775608699,713.685395287448,205.944303209992,31.0751461361731,-2.93017805470299,19.4474894899363,19.2254753914934,0,0
365,1,811.3146236458,222.33075922327,39.7183276249891,1.8927374896748,26.3344463374368,26.2663398419825,875.630315758577,227.968437843818,32.2906892015785,5.74403073015901,58.0082701212643,-57.7231800356889,612.289367383936,271.314513040257,39.2737153375709,3.51394071666959,4.12685303791222,-2.16405559916026,713.665860767083,205.895322957516,31.2033159721164,-8.05582050134035,18.2847052857366,16.4144510549828,0,0
366,1,811.327241895731,222.369202067082,39.893436557269,-3.18403681739028,21.9424683934059,21.7102240601317,875.668609296778,227.898112710733,31.9058680013406,0.804256129180203,52.1313441427868,-52.1251399442951,612.312793655381,271.340705145804,39.2592883002432,-2.1589617043503,3.51517703537428,-2.77405009853311,713.612155297074,205.866623343218,31.3127456458163,-12.0050197127284,18.0200837339479,13.4388585629694,0,0
367,1,811.306014983615,222.388437722051,40.0381713843365,-6.53642383353485,17.2135129140112,15.924201402558,875.673971004306,227.777953928484,31.5583670683786,-2.52328836871811,48.4900739039189,-48.4243769502077,612.298400577352,271.404331566767,39.2407946329196,-6.59565807644071,6.99823723294444,-2.33936292764767,713.532121832323,205.85984021985,31.402338036236,-14.8100928018209,18.1715706802604,10.5293462374998,0,0
368,1,811.262438824725,222.397930284864,40.1443327270202,-8.3806978046141,12.7307136186968,9.58305658696688,875.657149081848,227.624415258411,31.2355378887105,-4.50495025763757,46.1796133540936,-45.959352831712,612.254429523509,271.498973203406,39.2251988800686,-9.69831236387222,9.75541797235436,-1.05400052566296,713.433387880311,205.875150863817,31.4725336778194,-16.5548481577616,18.3227352238962,7.85236452022335,0,0
369,1,811.206567506027,222.405087489896,40.2082197709333,-8.9639810744643,9.53425001935154,3.24791729084204,875.62711608013,227.45167877074,30.9291422031658,-5.41062642149654,44.5104514858086,-44.1803736199404,612.189774107749,271.618096731401,39.2181722098976,-11.444956284322,11.4788958636611,0.882057763831767,713.323022225926,205.911411096098,31.5248827746209,-17.3611632056179,18.2164522941441,5.51626198913056,0,0
370,1,811.146807632197,222.415190997872,40.2298725528723,-8.54689272677547,8.94556655068017,-2.64079261390222,875.59104523732,227.271365825457,30.6346063790329,-5.49980440588342,43.0088314698202,-42.6557350879857,612.113474399187,271.755351643469,39.2240525949898,-11.8815591136126,12.3243549994001,3.2738783088206,713.207281137888,205.966367691063,31.5616578545484,-17.374936137503,17.7398293024836,3.57954437030017,0,0
371,1,811.089828347352,222.431485710295,40.2122672687796,-7.38798420752005,10.716752777052,-7.76314880920665,875.554379874614,227.092455432266,30.3502348117796,-5.01023433488967,41.3744538077688,-41.0699766228408,612.034264005097,271.904825728133,39.2458784503819,-11.1115267717992,12.5999643038558,5.94079735877528,713.091448230305,206.036924415577,31.5855214836837,-16.7525959567911,16.8788117910268,2.06029516948689,0,0
